1 0.812988 0.335938 0.165039 0.187500
1 0.518555 0.402995 0.123047 0.152344
1 0.706055 0.404948 0.103516 0.148438
1 0.429688 0.444661 0.103516 0.121094
1 0.263672 0.462240 0.103516 0.111979
1 0.347168 0.535156 0.081055 0.101562
1 0.599609 0.537109 0.123047 0.165365
1 0.417969 0.561198 0.072266 0.098958
1 0.498047 0.577474 0.083984 0.121094
1 0.852539 0.582031 0.082031 0.114583
1 0.768555 0.662760 0.080078 0.122396
1 0.610352 0.666667 0.074219 0.101562
1 0.683105 0.671875 0.086914 0.106771
1 0.958496 0.709635 0.083008 0.135417
1 0.867188 0.755859 0.068359 0.097656
1 0.325684 0.742839 0.090820 0.097656
1 0.331543 0.878906 0.125977 0.117188
1 0.262207 0.920573 0.077148 0.156250
9 0.344238 0.151693 0.065430 0.097656
1 0.597168 0.369141 0.114258 0.113281
1 0.732910 0.533854 0.155273 0.125000
1 0.345703 0.440755 0.093750 0.115885
9 0.941406 0.559896 0.117188 0.153646
4 0.159668 0.869141 0.129883 0.160156
9 0.068359 0.471354 0.101562 0.127604
1 0.538574 0.680990 0.061523 0.114583
9 0.482910 0.224609 0.081055 0.082031
1 0.458008 0.630859 0.107422 0.087240
4 0.102051 0.585286 0.112305 0.102865
