5 0.271973 0.243490 0.190430 0.226562
5 0.449219 0.279297 0.160156 0.180990
5 0.592285 0.367188 0.192383 0.197917
0 0.272461 0.424479 0.132812 0.135417
0 0.398438 0.431641 0.121094 0.160156
0 0.377930 0.501953 0.181641 0.100260
5 0.598145 0.543620 0.166992 0.144531
0 0.368164 0.579427 0.150391 0.156250
5 0.263672 0.621745 0.177734 0.167969
5 0.174316 0.816406 0.147461 0.153646
5 0.597656 0.932292 0.310547 0.132812
9 0.602539 0.143229 0.099609 0.197917
9 0.061523 0.222656 0.123047 0.283854
0 0.125488 0.944010 0.118164 0.111979
