0 0.856445 0.282552 0.126953 0.169271
2 0.369141 0.385417 0.166016 0.148438
0 0.787109 0.451172 0.121094 0.092448
2 0.558594 0.487630 0.187500 0.214844
2 0.313965 0.519531 0.112305 0.153646
0 0.728516 0.542969 0.080078 0.127604
2 0.427246 0.605469 0.108398 0.169271
2 0.951660 0.861979 0.096680 0.182292
2 0.227051 0.093099 0.168945 0.180990
2 0.809082 0.924479 0.135742 0.151042
2 0.082031 0.259766 0.164062 0.162760
2 0.534668 0.736328 0.108398 0.108073
2 0.231934 0.781250 0.125977 0.151042
0 0.191406 0.657552 0.126953 0.132812
1 0.074707 0.935547 0.145508 0.128906
1 0.050781 0.743490 0.093750 0.203125
1 0.136230 0.798177 0.110352 0.148438
2 0.481934 0.933594 0.200195 0.132812
0 0.047363 0.604818 0.094727 0.136719
2 0.686523 0.751953 0.158203 0.183594
2 0.837402 0.729818 0.137695 0.149740
