0 0.795898 0.256510 0.103516 0.151042
0 0.520508 0.453125 0.097656 0.119792
0 0.693359 0.520182 0.125000 0.113281
0 0.505859 0.551432 0.083984 0.108073
0 0.611816 0.690755 0.083008 0.134115
0 0.796875 0.693359 0.117188 0.110677
0 0.130371 0.770833 0.139648 0.171875
0 0.441406 0.789714 0.107422 0.170573
0 0.691895 0.878255 0.131836 0.240885
0 0.287109 0.880859 0.105469 0.102865
0 0.560059 0.922526 0.110352 0.154948
0 0.446289 0.950521 0.105469 0.096354
1 0.675293 0.633464 0.063477 0.084635
1 0.683105 0.726562 0.063477 0.057292
1 0.674805 0.188151 0.095703 0.095052
1 0.234375 0.781250 0.076172 0.122396
1 0.139648 0.636719 0.052734 0.080729
0 0.037109 0.572266 0.074219 0.121094
0 0.207520 0.530599 0.086914 0.102865
0 0.233398 0.457682 0.097656 0.100260
0 0.126953 0.414714 0.083984 0.115885
0 0.088867 0.292969 0.103516 0.127604
0 0.809570 0.464193 0.103516 0.105469
0 0.834961 0.392578 0.087891 0.097656
5 0.921875 0.388672 0.113281 0.157552
0 0.924805 0.639974 0.078125 0.097656
0 0.978027 0.703776 0.043945 0.100260
0 0.913086 0.520833 0.123047 0.148438
4 0.653320 0.090495 0.097656 0.100260
0 0.213867 0.121094 0.101562 0.104167
0 0.106445 0.106120 0.095703 0.126302
4 0.526855 0.042969 0.096680 0.078125
