0 0.273438 0.267578 0.097656 0.126302
0 0.160156 0.372396 0.183594 0.166667
4 0.649414 0.484375 0.125000 0.174479
0 0.458008 0.505208 0.142578 0.145833
9 0.848633 0.507161 0.195312 0.217448
0 0.236816 0.554036 0.208008 0.131510
1 0.070312 0.646484 0.128906 0.160156
0 0.460938 0.699219 0.173828 0.127604
0 0.632324 0.763672 0.110352 0.131510
9 0.454102 0.855469 0.128906 0.184896
9 0.686523 0.893229 0.117188 0.158854
1 0.025879 0.173828 0.051758 0.131510
9 0.972168 0.462891 0.055664 0.123698
9 0.874512 0.030599 0.166992 0.061198
9 0.348633 0.485026 0.070312 0.131510
9 0.388672 0.593750 0.074219 0.109375
