5 0.328125 0.173177 0.093750 0.263021
0 0.351562 0.411458 0.132812 0.242188
5 0.860840 0.404948 0.172852 0.263021
5 0.676758 0.453125 0.162109 0.317708
0 0.405762 0.484375 0.061523 0.158854
6 0.479004 0.682943 0.073242 0.102865
0 0.412109 0.108724 0.060547 0.154948
5 0.548828 0.115885 0.148438 0.231771
6 0.538574 0.869141 0.081055 0.139323
0 0.059082 0.773438 0.118164 0.234375
9 0.476562 0.557292 0.080078 0.143229
9 0.523926 0.576823 0.077148 0.156250
9 0.517578 0.423177 0.099609 0.213542
9 0.364746 0.681641 0.127930 0.209635
7 0.847656 0.749349 0.101562 0.199219
0 0.878906 0.921875 0.085938 0.135417
6 0.888184 0.651042 0.092773 0.083333
9 0.959473 0.732422 0.081055 0.264323
9 0.941895 0.538411 0.088867 0.196615
9 0.936523 0.136719 0.126953 0.273438
9 0.506836 0.936198 0.121094 0.127604
9 0.651855 0.925130 0.157227 0.149740
