1 0.085449 0.217448 0.083008 0.091146
1 0.311035 0.281250 0.084961 0.088542
1 0.482910 0.281901 0.083008 0.108073
0 0.854980 0.305990 0.157227 0.158854
1 0.092285 0.346354 0.083008 0.104167
1 0.259766 0.354167 0.070312 0.106771
1 0.317383 0.356120 0.066406 0.076823
0 0.626465 0.361979 0.114258 0.190104
1 0.378418 0.361979 0.059570 0.091146
1 0.325195 0.425781 0.080078 0.080729
1 0.765137 0.477865 0.081055 0.117188
1 0.342285 0.488932 0.090820 0.076823
1 0.923828 0.570312 0.089844 0.083333
1 0.343750 0.580078 0.083984 0.110677
1 0.205566 0.643229 0.073242 0.098958
1 0.553711 0.663411 0.099609 0.123698
0 0.458984 0.726562 0.101562 0.132812
0 0.401367 0.810547 0.091797 0.131510
1 0.985840 0.907552 0.028320 0.101562
4 0.920898 0.498047 0.095703 0.079427
1 0.030273 0.969401 0.052734 0.061198
