0 0.470215 0.167969 0.118164 0.130208
0 0.905273 0.194010 0.154297 0.156250
0 0.758301 0.271484 0.131836 0.110677
0 0.125977 0.308594 0.091797 0.158854
0 0.241211 0.332031 0.128906 0.244792
0 0.452148 0.378906 0.076172 0.127604
0 0.557617 0.423828 0.099609 0.134115
0 0.947266 0.453125 0.089844 0.127604
0 0.053223 0.459635 0.088867 0.132812
0 0.596680 0.578776 0.101562 0.154948
0 0.439453 0.594401 0.068359 0.147135
0 0.729004 0.697917 0.110352 0.164062
0 0.171387 0.701823 0.129883 0.205729
0 0.353027 0.750000 0.159180 0.140625
0 0.854492 0.915365 0.117188 0.166667
0 0.120605 0.917969 0.120117 0.164062
1 0.706055 0.938151 0.126953 0.123698
1 0.547852 0.936198 0.064453 0.127604
1 0.954590 0.963542 0.090820 0.072917
0 0.295410 0.909505 0.098633 0.131510
0 0.412109 0.291667 0.085938 0.104167
0 0.342773 0.369141 0.091797 0.089844
0 0.335938 0.498047 0.072266 0.105469
5 0.246582 0.564453 0.172852 0.227865
0 0.402344 0.842448 0.115234 0.114583
0 0.369141 0.947266 0.082031 0.105469
0 0.028320 0.863932 0.056641 0.139323
0 0.032227 0.595703 0.064453 0.154948
0 0.789551 0.375000 0.067383 0.140625
0 0.880371 0.369141 0.061523 0.144531
0 0.957031 0.568359 0.085938 0.115885
0 0.939453 0.674479 0.095703 0.093750
0 0.753906 0.513672 0.107422 0.139323
0 0.629883 0.392578 0.095703 0.175781
0 0.667480 0.542318 0.088867 0.139323
