0 0.338867 0.235026 0.078125 0.144531
0 0.871094 0.421875 0.083984 0.135417
0 0.625000 0.430990 0.123047 0.093750
0 0.498535 0.446615 0.124023 0.130208
0 0.793945 0.489583 0.072266 0.127604
0 0.680664 0.526042 0.136719 0.135417
0 0.358887 0.542969 0.102539 0.127604
0 0.970215 0.565755 0.057617 0.141927
0 0.396973 0.649740 0.114258 0.088542
0 0.685059 0.671875 0.077148 0.140625
0 0.585449 0.677734 0.104492 0.152344
0 0.208008 0.717448 0.107422 0.174479
0 0.958984 0.733724 0.080078 0.152344
0 0.752930 0.759766 0.105469 0.113281
0 0.866699 0.788411 0.100586 0.147135
0 0.337402 0.804036 0.116211 0.183594
0 0.480469 0.824219 0.154297 0.208333
0 0.747070 0.904948 0.111328 0.166667
0 0.081543 0.598307 0.131836 0.108073
0 0.081543 0.749349 0.108398 0.149740
0 0.042969 0.870443 0.085938 0.128906
0 0.025879 0.936198 0.051758 0.109375
0 0.300781 0.440104 0.082031 0.135417
0 0.245605 0.403646 0.081055 0.148438
0 0.054688 0.487630 0.109375 0.136719
0 0.239746 0.115885 0.100586 0.111979
0 0.329590 0.056641 0.100586 0.105469
0 0.467773 0.187500 0.107422 0.117188
0 0.509277 0.230469 0.122070 0.101562
9 0.131836 0.276042 0.134766 0.140625
0 0.751953 0.050130 0.105469 0.100260
5 0.510742 0.078776 0.138672 0.147135
9 0.588867 0.166667 0.080078 0.130208
9 0.649902 0.106771 0.114258 0.177083
0 0.656738 0.256510 0.098633 0.132812
0 0.789551 0.610677 0.094727 0.109375
0 0.848145 0.658203 0.092773 0.113281
0 0.904297 0.539062 0.083984 0.130208
0 0.963379 0.352214 0.073242 0.131510
9 0.884277 0.188802 0.231445 0.263021
9 0.464355 0.338542 0.229492 0.140625
9 0.077148 0.147135 0.121094 0.158854
9 0.033691 0.269531 0.067383 0.093750
