0 0.918457 0.352214 0.122070 0.160156
0 0.729980 0.378255 0.122070 0.160156
0 0.457031 0.423177 0.095703 0.135417
0 0.919922 0.495443 0.101562 0.115885
0 0.561523 0.506510 0.095703 0.135417
0 0.819336 0.524089 0.101562 0.126302
0 0.407715 0.530599 0.106445 0.100260
0 0.734375 0.606771 0.091797 0.145833
0 0.583496 0.639974 0.094727 0.139323
0 0.458496 0.641927 0.112305 0.125000
0 0.859375 0.647786 0.101562 0.115885
0 0.366211 0.686849 0.089844 0.115885
0 0.272461 0.715495 0.103516 0.147135
0 0.674805 0.716146 0.068359 0.156250
0 0.732422 0.745443 0.078125 0.162760
0 0.472656 0.798177 0.093750 0.117188
0 0.599609 0.838542 0.093750 0.117188
0 0.301270 0.839193 0.153320 0.095052
0 0.034668 0.777344 0.069336 0.145833
