1 0.854980 0.139323 0.114258 0.085938
1 0.372559 0.142578 0.081055 0.126302
1 0.290527 0.144531 0.090820 0.153646
1 0.956055 0.191406 0.087891 0.135417
1 0.585449 0.194010 0.118164 0.138021
1 0.824707 0.229167 0.143555 0.166667
1 0.737793 0.233724 0.104492 0.115885
1 0.168457 0.246745 0.141602 0.126302
1 0.403809 0.282552 0.102539 0.195312
1 0.509277 0.292318 0.086914 0.095052
1 0.658691 0.292969 0.084961 0.169271
1 0.321777 0.300781 0.086914 0.179688
1 0.230957 0.304688 0.104492 0.177083
1 0.104004 0.305990 0.112305 0.143229
1 0.955566 0.312500 0.088867 0.166667
1 0.715820 0.343099 0.107422 0.126302
1 0.856445 0.343099 0.076172 0.123698
1 0.377930 0.041667 0.097656 0.080729
1 0.471191 0.407552 0.096680 0.169271
1 0.131836 0.434896 0.093750 0.114583
1 0.531738 0.489583 0.088867 0.182292
1 0.308105 0.490885 0.157227 0.190104
1 0.425781 0.497396 0.085938 0.166667
1 0.618652 0.516927 0.120117 0.148438
1 0.173340 0.531250 0.157227 0.114583
1 0.072266 0.618490 0.115234 0.127604
4 0.537109 0.621745 0.121094 0.110677
0 0.828125 0.622396 0.154297 0.166667
1 0.216309 0.623698 0.106445 0.122396
1 0.412598 0.652344 0.096680 0.143229
4 0.270996 0.669271 0.094727 0.122396
1 0.062500 0.724609 0.103516 0.102865
1 0.522949 0.734375 0.149414 0.161458
1 0.191895 0.786458 0.112305 0.135417
1 0.422363 0.842448 0.100586 0.190104
1 0.562012 0.873698 0.151367 0.153646
1 0.211426 0.091146 0.092773 0.151042
1 0.662598 0.940104 0.131836 0.119792
1 0.675293 0.111979 0.086914 0.145833
1 0.452637 0.115885 0.102539 0.111979
1 0.115723 0.118490 0.108398 0.158854
1 0.313477 0.818359 0.119141 0.183594
1 0.299316 0.037760 0.071289 0.075521
1 0.753418 0.091146 0.120117 0.145833
