1 0.636230 0.132812 0.125977 0.179688
2 0.950195 0.170573 0.099609 0.210938
1 0.084473 0.312500 0.102539 0.151042
2 0.568359 0.358073 0.146484 0.177083
2 0.354004 0.432943 0.106445 0.162760
3 0.725586 0.453125 0.105469 0.171875
2 0.965820 0.535807 0.068359 0.157552
2 0.436523 0.552083 0.105469 0.138021
2 0.554199 0.587891 0.102539 0.199219
1 0.225586 0.646484 0.126953 0.123698
1 0.328125 0.648438 0.089844 0.143229
3 0.428711 0.665365 0.126953 0.138021
2 0.777832 0.713542 0.125977 0.179688
2 0.500977 0.764323 0.107422 0.148438
2 0.632812 0.765625 0.113281 0.140625
1 0.337402 0.807943 0.086914 0.152344
1 0.796387 0.824870 0.124023 0.100260
2 0.412109 0.874349 0.136719 0.162760
1 0.928223 0.925130 0.084961 0.131510
2 0.486816 0.933594 0.163086 0.132812
1 0.840820 0.951172 0.099609 0.097656
0 0.207520 0.106120 0.088867 0.160156
1 0.407715 0.070312 0.108398 0.125000
3 0.513184 0.246745 0.069336 0.095052
0 0.962402 0.049479 0.075195 0.088542
0 0.107910 0.089193 0.118164 0.128906
1 0.032715 0.925781 0.065430 0.148438
1 0.762207 0.970703 0.077148 0.058594
9 0.138672 0.660156 0.078125 0.132812
