0 0.633301 0.242188 0.129883 0.190104
0 0.677246 0.489583 0.116211 0.114583
0 0.661133 0.646484 0.125000 0.123698
0 0.507324 0.716146 0.125977 0.158854
0 0.380371 0.718750 0.108398 0.158854
0 0.814941 0.752604 0.135742 0.174479
3 0.725586 0.910807 0.138672 0.175781
9 0.441895 0.103516 0.127930 0.131510
9 0.500488 0.166667 0.176758 0.158854
1 0.039551 0.281250 0.079102 0.151042
1 0.459473 0.581380 0.092773 0.128906
3 0.604980 0.794271 0.163086 0.166667
1 0.941406 0.661458 0.117188 0.127604
1 0.259277 0.677734 0.141602 0.100260
9 0.493164 0.285807 0.152344 0.100260
1 0.309082 0.552734 0.131836 0.141927
1 0.291016 0.808594 0.095703 0.132812
1 0.602539 0.899740 0.126953 0.075521
9 0.193359 0.568359 0.117188 0.139323
9 0.049805 0.808594 0.099609 0.184896
9 0.178711 0.788411 0.115234 0.147135
9 0.390625 0.597656 0.093750 0.109375
9 0.303711 0.437500 0.101562 0.117188
9 0.551758 0.437500 0.191406 0.182292
9 0.598145 0.973958 0.125977 0.052083
