8 0.629883 0.179688 0.048828 0.065104
0 0.351562 0.238932 0.105469 0.160156
1 0.436035 0.251953 0.106445 0.149740
0 0.263672 0.285807 0.123047 0.194010
1 0.532715 0.313151 0.098633 0.147135
0 0.783203 0.355469 0.085938 0.132812
9 0.303711 0.439453 0.183594 0.152344
5 0.695312 0.444661 0.166016 0.115885
9 0.433594 0.464193 0.105469 0.191406
1 0.823730 0.466146 0.086914 0.153646
0 0.625488 0.473958 0.096680 0.153646
0 0.564941 0.507161 0.094727 0.162760
0 0.745605 0.569010 0.102539 0.145833
0 0.316895 0.626302 0.147461 0.200521
1 0.813477 0.628906 0.167969 0.229167
5 0.706055 0.909505 0.187500 0.178385
9 0.334961 0.083984 0.134766 0.115885
9 0.821289 0.889974 0.107422 0.194010
