0 0.940430 0.282552 0.119141 0.174479
0 0.633789 0.291016 0.103516 0.167969
0 0.670898 0.359375 0.111328 0.161458
0 0.775879 0.397786 0.094727 0.191406
1 0.070801 0.398438 0.114258 0.114583
0 0.286133 0.419271 0.160156 0.210938
0 0.165527 0.440104 0.106445 0.164062
0 0.953613 0.466146 0.092773 0.151042
0 0.489258 0.492839 0.109375 0.152344
0 0.588379 0.557292 0.094727 0.184896
1 0.121582 0.563151 0.110352 0.167969
0 0.802246 0.611328 0.139648 0.141927
0 0.680176 0.635417 0.112305 0.190104
0 0.742188 0.737630 0.125000 0.121094
1 0.616699 0.800781 0.120117 0.117188
0 0.672363 0.924479 0.122070 0.151042
0 0.841797 0.951823 0.107422 0.096354
1 0.037109 0.334635 0.074219 0.145833
1 0.039062 0.520182 0.078125 0.160156
0 0.957031 0.929688 0.085938 0.140625
0 0.566406 0.694010 0.117188 0.122396
