1 0.361816 0.134115 0.073242 0.122396
1 0.583496 0.136068 0.088867 0.074219
1 0.063477 0.140625 0.062500 0.101562
1 0.838867 0.147135 0.085938 0.135417
1 0.133789 0.161458 0.082031 0.132812
1 0.713379 0.182292 0.077148 0.096354
1 0.209473 0.197917 0.079102 0.114583
1 0.631348 0.210938 0.081055 0.109375
1 0.928711 0.226562 0.078125 0.135417
1 0.785156 0.230469 0.078125 0.106771
0 0.482910 0.313151 0.127930 0.186198
1 0.063965 0.325521 0.079102 0.101562
1 0.778809 0.329427 0.092773 0.106771
1 0.262207 0.349609 0.077148 0.123698
1 0.895996 0.368490 0.086914 0.135417
1 0.196289 0.380208 0.083984 0.101562
0 0.616699 0.391927 0.108398 0.197917
1 0.117188 0.042969 0.080078 0.083333
1 0.819824 0.507161 0.059570 0.100260
1 0.327148 0.051432 0.089844 0.100260
0 0.731934 0.518880 0.124023 0.290365
1 0.248047 0.544922 0.082031 0.082031
1 0.073242 0.574219 0.052734 0.122396
1 0.368652 0.607422 0.069336 0.139323
0 0.623535 0.619792 0.100586 0.234375
1 0.279297 0.630859 0.072266 0.134115
0 0.508789 0.656250 0.123047 0.195312
0 0.165527 0.748698 0.092773 0.111979
1 0.674805 0.750000 0.070312 0.093750
1 0.486816 0.077474 0.083008 0.105469
1 0.784180 0.867839 0.060547 0.092448
1 0.579590 0.905599 0.059570 0.092448
1 0.054199 0.921224 0.104492 0.157552
1 0.466309 0.926432 0.075195 0.084635
1 0.398926 0.929036 0.059570 0.113281
1 0.916504 0.942057 0.057617 0.087240
1 0.534180 0.955729 0.085938 0.088542
1 0.218262 0.100911 0.083008 0.100260
0 0.244141 0.796875 0.066406 0.117188
1 0.140137 0.428385 0.086914 0.075521
1 0.023438 0.531901 0.046875 0.105469
1 0.034180 0.438151 0.064453 0.066406
1 0.020020 0.227865 0.040039 0.096354
1 0.034668 0.054036 0.069336 0.108073
1 0.205566 0.027344 0.071289 0.054688
1 0.564453 0.050781 0.080078 0.101562
1 0.680176 0.092448 0.110352 0.127604
1 0.957520 0.033203 0.084961 0.066406
1 0.864746 0.034505 0.061523 0.069010
1 0.790039 0.093099 0.078125 0.115885
1 0.877441 0.508464 0.055664 0.134115
1 0.903320 0.645182 0.154297 0.141927
1 0.926270 0.832031 0.053711 0.104167
1 0.857910 0.886068 0.079102 0.076823
1 0.632324 0.859375 0.090820 0.057292
1 0.728516 0.963542 0.064453 0.072917
1 0.617676 0.449870 0.069336 0.074219
1 0.377441 0.445964 0.047852 0.126302
1 0.383789 0.229818 0.076172 0.095052
