1 0.359375 0.206380 0.117188 0.136719
0 0.500488 0.266276 0.168945 0.251302
0 0.277832 0.270182 0.096680 0.175781
0 0.184082 0.322266 0.100586 0.160156
0 0.364746 0.359375 0.071289 0.140625
0 0.671387 0.384766 0.102539 0.136719
0 0.236816 0.436198 0.120117 0.109375
0 0.130859 0.466797 0.113281 0.128906
0 0.342773 0.478516 0.091797 0.160156
0 0.432129 0.556641 0.149414 0.170573
0 0.651855 0.559245 0.168945 0.160156
0 0.239258 0.572266 0.101562 0.110677
0 0.084473 0.626302 0.133789 0.190104
0 0.743164 0.663411 0.109375 0.188802
0 0.484375 0.692708 0.113281 0.156250
0 0.875000 0.706380 0.152344 0.178385
0 0.642578 0.730469 0.080078 0.109375
0 0.286621 0.748047 0.110352 0.141927
1 0.558594 0.763672 0.097656 0.141927
0 0.830078 0.821615 0.117188 0.153646
1 0.498535 0.891927 0.102539 0.122396
0 0.729004 0.932943 0.092773 0.134115
0 0.328613 0.949219 0.092773 0.101562
5 0.099609 0.927734 0.164062 0.144531
