0 0.774902 0.185547 0.100586 0.121094
0 0.458008 0.232422 0.144531 0.144531
0 0.598145 0.243490 0.088867 0.096354
0 0.222168 0.264323 0.094727 0.111979
0 0.687988 0.279948 0.086914 0.106771
0 0.335938 0.281250 0.089844 0.125000
0 0.784668 0.323568 0.100586 0.115885
0 0.472656 0.338542 0.099609 0.114583
0 0.571777 0.360026 0.116211 0.147135
0 0.129395 0.385417 0.086914 0.083333
0 0.654785 0.388672 0.073242 0.126302
0 0.900879 0.408854 0.145508 0.138021
0 0.391602 0.425781 0.089844 0.125000
0 0.710938 0.429688 0.085938 0.114583
0 0.576660 0.477214 0.086914 0.123698
0 0.476074 0.510417 0.086914 0.127604
0 0.139160 0.516927 0.084961 0.174479
0 0.070801 0.528646 0.051758 0.161458
0 0.227539 0.556641 0.095703 0.154948
0 0.490234 0.630859 0.089844 0.118490
0 0.608887 0.640625 0.112305 0.145833
0 0.240234 0.723307 0.101562 0.175781
0 0.492188 0.734375 0.095703 0.085938
0 0.131836 0.750651 0.101562 0.175781
0 0.371582 0.807292 0.094727 0.125000
0 0.565430 0.843750 0.097656 0.192708
0 0.740234 0.897135 0.134766 0.200521
0 0.061523 0.309896 0.123047 0.192708
0 0.072754 0.112630 0.145508 0.123698
0 0.063477 0.930990 0.126953 0.138021
0 0.819336 0.615234 0.052734 0.139323
0 0.869141 0.636719 0.050781 0.125000
0 0.021484 0.622396 0.042969 0.119792
