9 0.257324 0.160807 0.139648 0.144531
1 0.744629 0.169271 0.110352 0.135417
9 0.899902 0.174479 0.147461 0.182292
0 0.179199 0.232422 0.104492 0.170573
2 0.096680 0.271484 0.136719 0.186198
0 0.502930 0.417318 0.158203 0.186198
2 0.209473 0.425781 0.137695 0.138021
0 0.349609 0.462891 0.123047 0.272135
5 0.864746 0.589844 0.268555 0.145833
0 0.561035 0.758464 0.100586 0.126302
1 0.353516 0.810547 0.113281 0.139323
2 0.938965 0.829427 0.122070 0.164062
0 0.806641 0.841146 0.085938 0.174479
1 0.694824 0.864583 0.108398 0.125000
9 0.077637 0.578125 0.155273 0.286458
5 0.797852 0.611979 0.150391 0.208333
9 0.708984 0.669271 0.072266 0.140625
0 0.732910 0.971354 0.098633 0.057292
9 0.160645 0.091146 0.159180 0.109375
9 0.801270 0.308594 0.161133 0.122396
1 0.924805 0.699870 0.099609 0.105469
