0 0.691406 0.151042 0.138672 0.169271
0 0.387695 0.184896 0.167969 0.127604
0 0.924316 0.201823 0.149414 0.197917
0 0.508789 0.292318 0.125000 0.178385
0 0.380371 0.317057 0.118164 0.136719
0 0.079590 0.320964 0.143555 0.178385
0 0.259277 0.367188 0.135742 0.164062
0 0.448242 0.495443 0.099609 0.128906
0 0.100586 0.598307 0.128906 0.220052
0 0.546875 0.685547 0.099609 0.115885
0 0.289551 0.705729 0.137695 0.182292
0 0.420410 0.738281 0.114258 0.208333
0 0.661621 0.742188 0.100586 0.135417
0 0.615234 0.781901 0.091797 0.139323
0 0.096191 0.848958 0.155273 0.171875
9 0.592773 0.543620 0.144531 0.152344
0 0.883301 0.030599 0.153320 0.061198
