0 0.910156 0.234375 0.175781 0.317708
0 0.662109 0.256510 0.142578 0.231771
0 0.779297 0.390625 0.144531 0.130208
0 0.455566 0.427734 0.102539 0.123698
5 0.405762 0.506510 0.131836 0.122396
0 0.887207 0.529297 0.100586 0.149740
0 0.641602 0.615234 0.085938 0.157552
0 0.749023 0.617188 0.087891 0.229167
0 0.443359 0.662109 0.064453 0.092448
0 0.849121 0.688802 0.118164 0.130208
9 0.860840 0.861328 0.084961 0.113281
1 0.283691 0.401693 0.118164 0.141927
0 0.952637 0.826172 0.083008 0.149740
5 0.512207 0.544271 0.139648 0.114583
9 0.305664 0.190104 0.126953 0.161458
9 0.405762 0.286458 0.129883 0.140625
9 0.529297 0.692057 0.109375 0.144531
9 0.367188 0.632812 0.091797 0.135417
0 0.628418 0.709635 0.090820 0.111979
