0 0.898438 0.173177 0.125000 0.122396
0 0.774414 0.199870 0.126953 0.126302
0 0.927734 0.287109 0.123047 0.110677
0 0.582031 0.390625 0.121094 0.125000
0 0.859863 0.404948 0.079102 0.135417
0 0.436035 0.502604 0.166992 0.268229
0 0.605957 0.506510 0.125977 0.111979
0 0.842285 0.554036 0.102539 0.152344
0 0.174805 0.595703 0.140625 0.180990
0 0.721191 0.624349 0.129883 0.212240
0 0.578613 0.659505 0.180664 0.180990
0 0.070801 0.722656 0.127930 0.208333
0 0.229492 0.757812 0.187500 0.216146
0 0.075195 0.912760 0.109375 0.143229
0 0.701172 0.362630 0.125000 0.209635
1 0.815918 0.296875 0.125977 0.065104
