1 0.450684 0.199219 0.075195 0.091146
1 0.361816 0.216146 0.124023 0.135417
1 0.863281 0.239583 0.070312 0.130208
1 0.522461 0.255859 0.121094 0.147135
1 0.670410 0.285156 0.061523 0.085938
1 0.241699 0.290365 0.071289 0.085938
1 0.145996 0.311198 0.063477 0.080729
1 0.031738 0.317708 0.061523 0.098958
1 0.570801 0.350260 0.073242 0.106771
1 0.497559 0.377604 0.083008 0.093750
1 0.908691 0.377604 0.069336 0.109375
1 0.363281 0.386068 0.085938 0.102865
1 0.859863 0.041667 0.084961 0.072917
1 0.204590 0.440104 0.106445 0.119792
1 0.523926 0.524740 0.073242 0.101562
1 0.268066 0.526042 0.073242 0.083333
1 0.770996 0.531250 0.079102 0.119792
1 0.762207 0.054688 0.069336 0.104167
1 0.859863 0.561198 0.073242 0.101562
1 0.357910 0.579427 0.073242 0.117188
1 0.141113 0.635417 0.092773 0.098958
1 0.633301 0.665365 0.096680 0.106771
1 0.215332 0.666667 0.069336 0.114583
1 0.303711 0.705078 0.082031 0.115885
1 0.758301 0.759115 0.088867 0.117188
1 0.673340 0.799479 0.075195 0.109375
1 0.597168 0.837240 0.075195 0.117188
1 0.069824 0.915365 0.079102 0.153646
1 0.805176 0.966146 0.092773 0.067708
1 0.473145 0.125000 0.104492 0.104167
1 0.041504 0.030599 0.077148 0.061198
1 0.036133 0.219401 0.070312 0.100260
1 0.087402 0.161458 0.055664 0.065104
1 0.148438 0.221354 0.046875 0.070312
1 0.102051 0.272135 0.036133 0.101562
1 0.077637 0.361979 0.043945 0.083333
1 0.031250 0.119792 0.062500 0.091146
1 0.198242 0.026693 0.050781 0.053385
1 0.267578 0.205078 0.064453 0.069010
1 0.302734 0.281901 0.044922 0.063802
1 0.344238 0.113932 0.057617 0.074219
1 0.526855 0.103516 0.055664 0.108073
1 0.589355 0.132812 0.043945 0.119792
1 0.659180 0.136719 0.082031 0.080729
1 0.673828 0.046224 0.074219 0.092448
1 0.597656 0.026693 0.056641 0.045573
1 0.864746 0.126953 0.063477 0.082031
1 0.936523 0.126302 0.072266 0.067708
1 0.955078 0.208984 0.050781 0.084635
1 0.912109 0.239583 0.042969 0.078125
1 0.962891 0.276042 0.058594 0.057292
1 0.926758 0.309896 0.039062 0.049479
1 0.965820 0.364583 0.035156 0.083333
1 0.911621 0.520833 0.090820 0.138021
1 0.984863 0.456380 0.030273 0.121094
1 0.979492 0.579427 0.041016 0.117188
1 0.917480 0.626953 0.051758 0.076823
1 0.846680 0.638672 0.072266 0.061198
1 0.916992 0.904948 0.054688 0.080729
1 0.920898 0.972656 0.066406 0.054688
1 0.872559 0.909505 0.040039 0.089844
1 0.974121 0.865885 0.051758 0.080729
1 0.805664 0.810547 0.064453 0.061198
1 0.732910 0.838542 0.063477 0.062500
1 0.894531 0.761719 0.058594 0.065104
1 0.870605 0.817057 0.043945 0.069010
1 0.828125 0.731120 0.048828 0.079427
1 0.683105 0.968099 0.051758 0.061198
1 0.555176 0.926432 0.055664 0.076823
1 0.484375 0.880859 0.074219 0.092448
1 0.526855 0.842448 0.059570 0.078125
1 0.469238 0.782552 0.063477 0.085938
1 0.538574 0.763021 0.077148 0.067708
1 0.614258 0.567057 0.078125 0.082031
1 0.558594 0.595052 0.068359 0.067708
1 0.468750 0.682943 0.041016 0.084635
1 0.415527 0.662760 0.055664 0.072917
1 0.484375 0.610026 0.066406 0.074219
1 0.398926 0.459635 0.075195 0.091146
1 0.436523 0.568359 0.076172 0.115885
1 0.402832 0.855469 0.059570 0.096354
1 0.310547 0.817057 0.066406 0.076823
1 0.245605 0.841146 0.081055 0.140625
1 0.268066 0.972656 0.053711 0.054688
1 0.223633 0.957031 0.052734 0.072917
1 0.109863 0.854167 0.059570 0.093750
1 0.129883 0.956380 0.052734 0.055990
1 0.175781 0.732422 0.062500 0.069010
1 0.124023 0.718099 0.064453 0.066406
1 0.080078 0.701172 0.041016 0.071615
1 0.062500 0.787760 0.050781 0.091146
1 0.027832 0.641927 0.049805 0.070312
1 0.083008 0.592448 0.048828 0.085938
1 0.129395 0.413411 0.036133 0.066406
9 0.775391 0.354167 0.148438 0.184896
