1 0.422363 0.348958 0.071289 0.070312
0 0.438477 0.175781 0.183594 0.182292
1 0.093262 0.207031 0.067383 0.104167
1 0.283691 0.279948 0.073242 0.070312
1 0.385254 0.293620 0.086914 0.069010
1 0.215332 0.294271 0.108398 0.109375
0 0.563477 0.305339 0.130859 0.100260
1 0.704102 0.309896 0.089844 0.130208
1 0.308594 0.335938 0.078125 0.059896
1 0.358398 0.361979 0.050781 0.075521
1 0.243652 0.372396 0.077148 0.093750
1 0.503418 0.372396 0.079102 0.083333
1 0.466797 0.399740 0.058594 0.075521
1 0.400879 0.417318 0.041992 0.092448
1 0.521484 0.434245 0.074219 0.079427
1 0.360352 0.436849 0.068359 0.076823
1 0.446777 0.468099 0.079102 0.097656
1 0.601074 0.481771 0.071289 0.088542
1 0.391113 0.489583 0.065430 0.083333
1 0.546875 0.494141 0.046875 0.095052
1 0.499512 0.498698 0.047852 0.072917
1 0.330566 0.519531 0.069336 0.080729
1 0.666016 0.527344 0.058594 0.088542
1 0.451660 0.529948 0.071289 0.080729
1 0.597168 0.536458 0.083008 0.072917
1 0.380371 0.539062 0.057617 0.067708
1 0.508301 0.573568 0.067383 0.066406
1 0.417969 0.576172 0.056641 0.066406
1 0.734863 0.581380 0.071289 0.063802
1 0.561035 0.589193 0.073242 0.079427
1 0.630371 0.593750 0.061523 0.075521
1 0.370117 0.604818 0.080078 0.087240
1 0.679688 0.608073 0.068359 0.083333
1 0.454102 0.613932 0.072266 0.087240
1 0.729980 0.658203 0.055664 0.089844
1 0.649414 0.713542 0.125000 0.093750
1 0.913574 0.770182 0.075195 0.123698
1 0.973145 0.814453 0.051758 0.079427
1 0.044922 0.206380 0.064453 0.097656
1 0.261719 0.027344 0.076172 0.054688
