0 0.365723 0.151693 0.079102 0.154948
0 0.612305 0.163411 0.070312 0.134115
0 0.659180 0.164714 0.089844 0.149740
0 0.125977 0.198568 0.103516 0.113281
0 0.284180 0.216797 0.097656 0.162760
0 0.836426 0.221354 0.094727 0.135417
0 0.929199 0.277344 0.092773 0.125000
0 0.436035 0.283854 0.098633 0.114583
0 0.752930 0.289714 0.091797 0.152344
0 0.229004 0.309896 0.096680 0.096354
0 0.700195 0.328776 0.080078 0.139323
0 0.606934 0.342448 0.083008 0.140625
0 0.166504 0.382812 0.075195 0.161458
0 0.399414 0.391927 0.101562 0.179688
0 0.094727 0.411458 0.089844 0.114583
0 0.277344 0.440755 0.087891 0.110677
0 0.660645 0.495443 0.086914 0.128906
0 0.529297 0.503906 0.087891 0.164062
0 0.129883 0.531901 0.085938 0.149740
0 0.876465 0.537109 0.098633 0.139323
0 0.207031 0.540365 0.074219 0.148438
0 0.301758 0.550130 0.101562 0.118490
0 0.709961 0.580729 0.080078 0.132812
0 0.194824 0.059245 0.096680 0.113281
0 0.797852 0.591146 0.064453 0.135417
0 0.588867 0.595703 0.087891 0.134115
0 0.369629 0.631510 0.083008 0.130208
0 0.233398 0.686198 0.105469 0.148438
0 0.443848 0.688802 0.102539 0.156250
0 0.112793 0.692708 0.094727 0.151042
0 0.312500 0.720052 0.066406 0.166667
0 0.704102 0.744792 0.126953 0.122396
0 0.376465 0.759115 0.100586 0.148438
0 0.128418 0.078125 0.092773 0.132812
0 0.512695 0.786458 0.105469 0.111979
0 0.621094 0.824219 0.093750 0.130208
0 0.137695 0.851562 0.101562 0.117188
0 0.504883 0.871094 0.095703 0.153646
0 0.538086 0.925130 0.103516 0.128906
0 0.461426 0.107422 0.098633 0.144531
6 0.558105 0.219401 0.067383 0.076823
6 0.463379 0.470052 0.083008 0.091146
0 0.595703 0.038411 0.101562 0.076823
0 0.295898 0.080078 0.105469 0.110677
0 0.029297 0.629557 0.058594 0.144531
0 0.239258 0.825521 0.082031 0.098958
0 0.345215 0.358724 0.084961 0.108073
9 0.958496 0.101562 0.083008 0.192708
0 0.703613 0.074219 0.096680 0.080729
0 0.024902 0.423177 0.049805 0.218750
0 0.028809 0.760417 0.057617 0.195312
0 0.087891 0.894531 0.105469 0.080729
9 0.363770 0.873698 0.157227 0.085938
9 0.805176 0.778646 0.069336 0.119792
9 0.830078 0.902344 0.083984 0.111979
9 0.700684 0.936849 0.090820 0.126302
9 0.193848 0.943359 0.108398 0.113281
9 0.072754 0.964193 0.141602 0.071615
0 0.531738 0.328776 0.104492 0.115885
9 0.921387 0.877604 0.157227 0.244792
9 0.826660 0.058594 0.209961 0.117188
0 0.437500 0.027995 0.109375 0.055990
0 0.399414 0.103516 0.091797 0.121094
0 0.263184 0.014974 0.112305 0.029948
9 0.051758 0.052734 0.097656 0.105469
