5 0.812500 0.232422 0.291016 0.136719
5 0.299805 0.235026 0.242188 0.136719
0 0.100098 0.235677 0.196289 0.117188
5 0.862305 0.295573 0.205078 0.101562
0 0.906250 0.399089 0.072266 0.100260
5 0.305176 0.423177 0.190430 0.130208
1 0.768066 0.423828 0.079102 0.102865
5 0.341797 0.504557 0.140625 0.141927
0 0.649414 0.535156 0.158203 0.221354
5 0.876465 0.550130 0.204102 0.175781
0 0.582520 0.559896 0.104492 0.130208
0 0.451660 0.621745 0.061523 0.123698
5 0.342773 0.623047 0.146484 0.126302
9 0.168457 0.663411 0.166992 0.165365
0 0.364746 0.736328 0.090820 0.110677
0 0.567383 0.754557 0.080078 0.136719
0 0.468750 0.756510 0.099609 0.135417
0 0.627441 0.807943 0.100586 0.149740
0 0.880859 0.808594 0.087891 0.104167
1 0.808105 0.822266 0.067383 0.079427
0 0.488770 0.883464 0.137695 0.141927
0 0.769531 0.893880 0.093750 0.087240
1 0.833496 0.072917 0.143555 0.119792
0 0.664062 0.959635 0.121094 0.080729
