0 0.947266 0.194661 0.103516 0.217448
0 0.809082 0.222656 0.141602 0.177083
0 0.421387 0.289714 0.151367 0.170573
0 0.253906 0.369141 0.113281 0.204427
0 0.759277 0.373047 0.104492 0.139323
0 0.867188 0.386719 0.103516 0.135417
0 0.651855 0.417318 0.116211 0.251302
0 0.143066 0.430339 0.114258 0.147135
0 0.377930 0.496745 0.095703 0.126302
0 0.509277 0.567057 0.124023 0.178385
0 0.284668 0.599609 0.092773 0.201823
0 0.909668 0.605469 0.168945 0.171875
0 0.374512 0.634766 0.098633 0.136719
0 0.501953 0.751953 0.105469 0.121094
0 0.614746 0.770182 0.122070 0.136719
0 0.941895 0.772500 0.116211 0.110104
0 0.820801 0.813802 0.127930 0.117188
0 0.528320 0.863281 0.136719 0.114583
0 0.201660 0.869792 0.127930 0.140625
0 0.553223 0.362630 0.090820 0.162760
0 0.494141 0.410156 0.117188 0.114583
0 0.643066 0.930339 0.137695 0.121094
0 0.765625 0.569010 0.101562 0.200521
9 0.262695 0.183594 0.119141 0.143229
0 0.273438 0.964193 0.093750 0.071615
0 0.841309 0.903646 0.147461 0.119792
9 0.507051 0.260560 0.043398 0.067995
