1 0.232422 0.141276 0.068359 0.110677
1 0.748047 0.141927 0.085938 0.083333
1 0.491699 0.152344 0.084961 0.122396
1 0.563965 0.152344 0.055664 0.070312
1 0.290527 0.163411 0.059570 0.115885
1 0.400879 0.169922 0.063477 0.079427
1 0.127441 0.172526 0.077148 0.108073
1 0.055176 0.199870 0.100586 0.118490
1 0.894043 0.212240 0.075195 0.085938
1 0.725098 0.214844 0.114258 0.091146
1 0.637695 0.235026 0.052734 0.055990
1 0.803711 0.246745 0.085938 0.092448
1 0.328125 0.250651 0.083984 0.079427
1 0.571289 0.263672 0.054688 0.082031
1 0.502441 0.279297 0.108398 0.121094
1 0.883301 0.294271 0.075195 0.085938
1 0.752441 0.305990 0.075195 0.085938
1 0.130371 0.313151 0.077148 0.108073
1 0.637207 0.320312 0.053711 0.070312
1 0.395020 0.336589 0.084961 0.110677
1 0.281250 0.349609 0.085938 0.079427
1 0.682617 0.364583 0.128906 0.083333
1 0.581543 0.371094 0.077148 0.067708
1 0.189941 0.410807 0.077148 0.108073
1 0.076660 0.420573 0.071289 0.091146
1 0.272949 0.429036 0.084961 0.074219
1 0.380371 0.469401 0.096680 0.123698
1 0.053711 0.510417 0.048828 0.101562
1 0.287109 0.511068 0.085938 0.141927
1 0.446289 0.515625 0.115234 0.101562
1 0.112793 0.533854 0.077148 0.078125
1 0.195801 0.610026 0.077148 0.108073
1 0.447754 0.615234 0.090820 0.105469
1 0.315430 0.626953 0.074219 0.113281
1 0.669434 0.645182 0.071289 0.110677
0 0.864258 0.678385 0.125000 0.138021
1 0.133789 0.680339 0.091797 0.105469
0 0.564453 0.686198 0.125000 0.138021
1 0.307129 0.716797 0.083008 0.089844
1 0.227539 0.721354 0.078125 0.075521
1 0.091797 0.722656 0.078125 0.078125
1 0.036621 0.752604 0.071289 0.078125
1 0.363281 0.753906 0.062500 0.104167
1 0.545410 0.076172 0.092773 0.089844
1 0.165039 0.788411 0.060547 0.061198
1 0.284180 0.788411 0.054688 0.069010
1 0.223145 0.791667 0.061523 0.072917
1 0.401855 0.809896 0.077148 0.078125
1 0.085938 0.810547 0.074219 0.092448
1 0.632812 0.082031 0.089844 0.093750
1 0.096191 0.886719 0.069336 0.062500
0 0.231445 0.896484 0.136719 0.136719
1 0.710449 0.089844 0.077148 0.080729
0 0.379395 0.901042 0.145508 0.101562
1 0.060059 0.936198 0.061523 0.065104
1 0.561035 0.939453 0.084961 0.110677
1 0.361328 0.102214 0.103516 0.079427
1 0.907715 0.110026 0.083008 0.115885
1 0.973633 0.110026 0.052734 0.134115
1 0.047363 0.310547 0.094727 0.108073
1 0.024414 0.693359 0.048828 0.079427
1 0.024902 0.903646 0.049805 0.067708
1 0.672852 0.143880 0.078125 0.071615
1 0.616211 0.175781 0.107422 0.096354
