0 0.960938 0.188802 0.078125 0.190104
0 0.720703 0.208333 0.083984 0.083333
0 0.347656 0.238932 0.111328 0.141927
0 0.503906 0.282552 0.113281 0.169271
0 0.583496 0.291016 0.122070 0.141927
0 0.538086 0.337891 0.085938 0.128906
0 0.143555 0.367188 0.119141 0.161458
0 0.312500 0.375000 0.167969 0.177083
0 0.623047 0.384115 0.107422 0.156250
0 0.840820 0.401693 0.111328 0.220052
0 0.569824 0.416016 0.084961 0.126302
0 0.424805 0.501302 0.111328 0.091146
0 0.312988 0.529297 0.094727 0.118490
0 0.537109 0.543620 0.076172 0.113281
0 0.401855 0.572266 0.125977 0.108073
0 0.220215 0.672526 0.100586 0.144531
0 0.456055 0.703125 0.089844 0.127604
0 0.666992 0.731771 0.111328 0.111979
0 0.551758 0.766276 0.105469 0.126302
0 0.444824 0.809245 0.094727 0.087240
0 0.255371 0.082682 0.112305 0.139323
0 0.776855 0.113932 0.108398 0.147135
0 0.084961 0.090495 0.154297 0.178385
0 0.048340 0.712240 0.096680 0.171875
0 0.083008 0.917318 0.164062 0.165365
0 0.033691 0.319661 0.067383 0.170573
0 0.020508 0.453776 0.041016 0.128906
0 0.600586 0.056641 0.107422 0.113281
9 0.694824 0.065755 0.069336 0.131510
5 0.870117 0.136068 0.119141 0.214844
9 0.809570 0.796224 0.087891 0.167969
9 0.610352 0.590495 0.111328 0.079427
9 0.565918 0.666016 0.065430 0.110677
0 0.297852 0.843099 0.132812 0.160156
9 0.145996 0.702474 0.053711 0.050781
9 0.274414 0.927734 0.060547 0.055990
9 0.428711 0.185547 0.076172 0.144531
9 0.422852 0.356771 0.091797 0.156250
9 0.772461 0.498047 0.162109 0.321615
9 0.742188 0.283203 0.150391 0.131510
0 0.979492 0.385417 0.041016 0.174479
0 0.332031 0.036458 0.132812 0.072917
