0 0.773926 0.175130 0.133789 0.180990
2 0.565918 0.299479 0.172852 0.187500
0 0.929688 0.300130 0.095703 0.126302
2 0.712402 0.315104 0.166992 0.132812
0 0.099609 0.361979 0.146484 0.148438
2 0.368652 0.432943 0.125977 0.196615
0 0.725098 0.457031 0.129883 0.161458
2 0.597168 0.526042 0.166992 0.190104
0 0.168945 0.524089 0.136719 0.191406
0 0.910156 0.569661 0.164062 0.121094
0 0.396484 0.627604 0.136719 0.164062
2 0.769043 0.685547 0.137695 0.217448
0 0.623047 0.699870 0.162109 0.128906
0 0.914551 0.781901 0.165039 0.131510
1 0.942383 0.908203 0.115234 0.131510
1 0.421387 0.954427 0.106445 0.091146
2 0.580078 0.968099 0.146484 0.063802
2 0.597656 0.075521 0.164062 0.151042
9 0.270020 0.304688 0.166992 0.135417
9 0.270996 0.658854 0.110352 0.192708
