5 0.708008 0.278646 0.322266 0.195312
5 0.340332 0.275391 0.241211 0.183594
9 0.316895 0.474609 0.141602 0.097656
5 0.182129 0.515625 0.163086 0.161458
5 0.086426 0.591146 0.159180 0.244792
0 0.289551 0.638672 0.153320 0.178385
0 0.779297 0.688151 0.125000 0.123698
0 0.333984 0.845703 0.216797 0.201823
5 0.784668 0.915365 0.280273 0.169271
5 0.817871 0.868490 0.364258 0.263021
0 0.172852 0.255208 0.142578 0.174479
0 0.053223 0.091797 0.106445 0.165365
9 0.927246 0.037109 0.141602 0.074219
9 0.279297 0.117188 0.117188 0.145833
