1 0.576660 0.162760 0.092773 0.125000
1 0.187012 0.182292 0.059570 0.093750
1 0.272949 0.199870 0.079102 0.092448
1 0.177246 0.268229 0.055664 0.098958
1 0.652344 0.281250 0.105469 0.109375
1 0.312500 0.326172 0.083984 0.092448
1 0.052246 0.345052 0.059570 0.101562
1 0.175781 0.378906 0.115234 0.169271
1 0.743164 0.391927 0.093750 0.117188
1 0.390625 0.439453 0.082031 0.115885
1 0.052246 0.441406 0.059570 0.101562
1 0.222656 0.462240 0.074219 0.078125
9 0.107422 0.518229 0.189453 0.101562
1 0.383301 0.542318 0.084961 0.102865
1 0.968262 0.544271 0.063477 0.109375
1 0.177246 0.628906 0.075195 0.111979
1 0.292480 0.673177 0.055664 0.106771
0 0.368164 0.683594 0.091797 0.140625
0 0.672852 0.695312 0.125000 0.195312
1 0.580566 0.709635 0.065430 0.111979
5 0.190430 0.745443 0.185547 0.134115
1 0.916016 0.802083 0.080078 0.138021
1 0.723145 0.852865 0.053711 0.122396
1 0.326660 0.085938 0.057617 0.104167
1 0.581055 0.885417 0.091797 0.140625
1 0.434082 0.958984 0.135742 0.082031
1 0.235352 0.104167 0.105469 0.109375
1 0.041992 0.770182 0.083984 0.178385
1 0.575684 0.031901 0.122070 0.063802
1 0.375977 0.054688 0.074219 0.098958
1 0.044922 0.943359 0.089844 0.113281
9 0.215820 0.930990 0.216797 0.138021
