0 0.326660 0.194010 0.127930 0.132812
0 0.864258 0.196615 0.123047 0.179688
0 0.726074 0.255208 0.118164 0.148438
0 0.898438 0.283203 0.085938 0.105469
0 0.319824 0.307292 0.127930 0.171875
0 0.213379 0.346354 0.112305 0.171875
0 0.811035 0.355469 0.081055 0.169271
0 0.604980 0.378906 0.149414 0.174479
0 0.692871 0.411458 0.090820 0.119792
0 0.427246 0.483073 0.133789 0.187500
0 0.945801 0.483073 0.108398 0.143229
0 0.293457 0.503906 0.143555 0.179688
5 0.610840 0.516927 0.149414 0.231771
0 0.825684 0.518229 0.086914 0.156250
0 0.733887 0.557292 0.098633 0.151042
0 0.438477 0.658854 0.121094 0.119792
0 0.729492 0.671224 0.103516 0.131510
0 0.161621 0.792318 0.133789 0.154948
0 0.640137 0.833984 0.114258 0.157552
0 0.224121 0.877604 0.118164 0.145833
0 0.534668 0.932292 0.155273 0.125000
0 0.318359 0.941406 0.126953 0.109375
0 0.820801 0.097656 0.116211 0.143229
0 0.223145 0.113281 0.118164 0.174479
0 0.373535 0.121094 0.141602 0.109375
9 0.082520 0.352865 0.141602 0.200521
9 0.200684 0.970703 0.106445 0.058594
7 0.715332 0.125651 0.235352 0.251302
0 0.658203 0.027344 0.074219 0.054688
0 0.379883 0.024740 0.142578 0.049479
7 0.069824 0.747396 0.139648 0.239583
7 0.219238 0.455729 0.204102 0.278646
0 0.982422 0.207682 0.035156 0.152344
0 0.982422 0.353516 0.035156 0.134115
