1 0.269043 0.130208 0.098633 0.114583
1 0.049805 0.136719 0.095703 0.088542
1 0.587402 0.157552 0.090820 0.117188
1 0.777832 0.165365 0.112305 0.135417
1 0.191406 0.188151 0.121094 0.141927
1 0.439453 0.203125 0.083984 0.104167
1 0.721680 0.210938 0.109375 0.132812
1 0.273926 0.228516 0.081055 0.102865
1 0.511719 0.231120 0.078125 0.152344
1 0.374512 0.237630 0.098633 0.082031
1 0.067871 0.238281 0.092773 0.135417
1 0.970703 0.243490 0.058594 0.109375
1 0.582520 0.281250 0.088867 0.156250
1 0.660645 0.285156 0.069336 0.179688
1 0.471191 0.310547 0.083008 0.144531
1 0.128906 0.314453 0.068359 0.126302
1 0.194824 0.317057 0.088867 0.105469
1 0.719727 0.317708 0.080078 0.093750
1 0.326172 0.326172 0.095703 0.123698
1 0.057617 0.343099 0.076172 0.110677
1 0.411133 0.359375 0.113281 0.164062
1 0.965332 0.373047 0.069336 0.160156
1 0.802246 0.376302 0.075195 0.111979
1 0.243652 0.391276 0.096680 0.092448
1 0.720215 0.406250 0.106445 0.109375
1 0.883789 0.419922 0.121094 0.121094
1 0.137695 0.423828 0.093750 0.084635
1 0.573730 0.435547 0.122070 0.105469
1 0.201660 0.474609 0.065430 0.082031
1 0.471191 0.483073 0.092773 0.106771
1 0.630859 0.491536 0.093750 0.121094
1 0.277832 0.495443 0.122070 0.131510
1 0.736328 0.503255 0.093750 0.097656
1 0.820801 0.505208 0.090820 0.125000
1 0.897461 0.537760 0.113281 0.098958
1 0.120605 0.541667 0.104492 0.138021
1 0.367188 0.561198 0.111328 0.161458
1 0.723145 0.588542 0.116211 0.127604
1 0.262695 0.589844 0.076172 0.098958
1 0.969727 0.610677 0.060547 0.145833
1 0.137695 0.647786 0.095703 0.126302
1 0.570801 0.665365 0.104492 0.104167
1 0.851562 0.673177 0.115234 0.153646
1 0.749023 0.683594 0.089844 0.117188
1 0.050293 0.699870 0.090820 0.123698
1 0.431641 0.718750 0.083984 0.148438
1 0.360840 0.724609 0.102539 0.136719
1 0.284668 0.738281 0.100586 0.122396
1 0.977051 0.742839 0.045898 0.115885
1 0.092773 0.794271 0.091797 0.143229
1 0.640137 0.798177 0.077148 0.177083
1 0.557617 0.803385 0.091797 0.125000
1 0.725098 0.080729 0.088867 0.151042
1 0.736816 0.811849 0.139648 0.139323
1 0.222656 0.830078 0.076172 0.136719
1 0.300781 0.837240 0.085938 0.130208
1 0.363770 0.843099 0.098633 0.110677
1 0.882812 0.867188 0.087891 0.091146
1 0.403809 0.894531 0.090820 0.122396
1 0.781738 0.897786 0.086914 0.121094
1 0.864746 0.090495 0.096680 0.095052
1 0.540527 0.904948 0.075195 0.106771
1 0.519531 0.091797 0.109375 0.092448
1 0.160645 0.093750 0.106445 0.093750
1 0.706543 0.929036 0.075195 0.102865
1 0.125488 0.939453 0.114258 0.121094
1 0.625977 0.945312 0.099609 0.109375
1 0.448730 0.947917 0.118164 0.104167
1 0.822266 0.948568 0.128906 0.102865
1 0.262207 0.949219 0.120117 0.101562
1 0.352051 0.114583 0.114258 0.169271
1 0.423340 0.115234 0.081055 0.115885
1 0.958984 0.124349 0.082031 0.115885
1 0.635254 0.125000 0.092773 0.117188
