1 0.292480 0.140625 0.102539 0.135417
1 0.856934 0.205729 0.118164 0.130208
1 0.527832 0.255208 0.157227 0.148438
0 0.675293 0.261719 0.129883 0.140625
1 0.250488 0.292969 0.102539 0.111979
1 0.354980 0.294271 0.106445 0.161458
1 0.751465 0.381510 0.108398 0.138021
0 0.652344 0.388672 0.103516 0.118490
1 0.900879 0.419271 0.104492 0.145833
1 0.186035 0.427734 0.100586 0.108073
1 0.306152 0.437500 0.075195 0.088542
1 0.510254 0.437500 0.124023 0.109375
1 0.397949 0.451172 0.098633 0.123698
1 0.747559 0.508464 0.084961 0.157552
1 0.865723 0.518229 0.108398 0.171875
1 0.671387 0.545573 0.083008 0.106771
1 0.306152 0.561198 0.086914 0.143229
1 0.434082 0.574870 0.102539 0.118490
1 0.692383 0.631510 0.080078 0.106771
1 0.199707 0.639323 0.131836 0.153646
1 0.543457 0.648438 0.114258 0.098958
1 0.070801 0.649740 0.135742 0.122396
1 0.446289 0.695312 0.085938 0.140625
0 0.190430 0.798828 0.113281 0.113281
1 0.698730 0.825521 0.079102 0.104167
1 0.897949 0.858073 0.094727 0.122396
1 0.813965 0.876302 0.094727 0.117188
1 0.348145 0.886719 0.108398 0.117188
1 0.441895 0.902344 0.081055 0.138021
1 0.529785 0.910156 0.100586 0.111979
1 0.184570 0.218750 0.126953 0.135417
1 0.062988 0.458984 0.104492 0.152344
1 0.054688 0.827474 0.091797 0.110677
1 0.155762 0.919271 0.096680 0.145833
1 0.405762 0.966146 0.086914 0.067708
1 0.430664 0.807943 0.123047 0.095052
1 0.910156 0.302083 0.113281 0.132812
1 0.970703 0.492839 0.058594 0.149740
1 0.958984 0.845052 0.080078 0.130208
1 0.225098 0.486328 0.090820 0.087240
1 0.177734 0.077474 0.132812 0.139323
1 0.562988 0.805339 0.106445 0.126302
1 0.699707 0.720703 0.116211 0.118490
1 0.815430 0.718099 0.113281 0.160156
1 0.590820 0.962240 0.076172 0.075521
1 0.309082 0.660807 0.088867 0.126302
1 0.354980 0.705729 0.118164 0.140625
1 0.258789 0.941406 0.085938 0.117188
9 0.466309 0.351562 0.094727 0.135417
