5 0.553711 0.452474 0.160156 0.165365
0 0.381836 0.473307 0.179688 0.152344
0 0.642090 0.582682 0.102539 0.165365
1 0.943848 0.606120 0.112305 0.175781
1 0.214355 0.615885 0.133789 0.148438
0 0.343262 0.625651 0.141602 0.128906
0 0.501465 0.630859 0.178711 0.196615
1 0.814941 0.639323 0.106445 0.130208
1 0.721680 0.661458 0.091797 0.140625
1 0.557129 0.705729 0.096680 0.104167
1 0.236816 0.782552 0.163086 0.122396
1 0.296875 0.867839 0.125000 0.110677
9 0.535645 0.908854 0.286133 0.182292
9 0.763672 0.927083 0.164062 0.145833
9 0.069824 0.869141 0.139648 0.261719
9 0.771484 0.542318 0.111328 0.113281
9 0.410645 0.736979 0.155273 0.096354
