5 0.513672 0.194661 0.232422 0.139323
2 0.712402 0.208984 0.178711 0.183594
0 0.473633 0.343099 0.105469 0.118490
2 0.642090 0.379557 0.166992 0.214844
2 0.402832 0.439453 0.073242 0.126302
6 0.284180 0.491536 0.117188 0.167969
0 0.446289 0.504557 0.089844 0.152344
0 0.099609 0.669271 0.082031 0.114583
2 0.297852 0.807943 0.103516 0.123698
0 0.453613 0.084635 0.104492 0.153646
2 0.688477 0.880208 0.095703 0.117188
0 0.804199 0.091146 0.131836 0.156250
0 0.180176 0.925130 0.153320 0.147135
0 0.087402 0.795573 0.135742 0.143229
0 0.559570 0.069010 0.089844 0.138021
0 0.048340 0.574870 0.096680 0.149740
5 0.353516 0.305339 0.117188 0.147135
0 0.179688 0.394531 0.152344 0.132812
9 0.791016 0.397786 0.097656 0.170573
9 0.935059 0.115234 0.129883 0.186198
0 0.066895 0.256510 0.096680 0.153646
