0 0.685059 0.180990 0.090820 0.104167
0 0.932129 0.213542 0.127930 0.130208
0 0.387695 0.229818 0.126953 0.186198
0 0.935059 0.335938 0.127930 0.130208
0 0.314941 0.347656 0.100586 0.145833
0 0.677246 0.386719 0.112305 0.145833
0 0.579590 0.425781 0.096680 0.169271
0 0.295898 0.555990 0.132812 0.114583
0 0.763672 0.641927 0.117188 0.130208
0 0.385742 0.647786 0.119141 0.126302
0 0.693848 0.746094 0.084961 0.127604
0 0.458984 0.124349 0.128906 0.131510
0 0.623047 0.894531 0.099609 0.143229
0 0.623535 0.799479 0.106445 0.114583
9 0.139648 0.826823 0.279297 0.255208
