0 0.126465 0.156901 0.129883 0.141927
0 0.355957 0.160807 0.129883 0.141927
0 0.681152 0.175130 0.102539 0.123698
0 0.461426 0.246745 0.090820 0.095052
0 0.065430 0.306641 0.113281 0.162760
0 0.527832 0.313151 0.104492 0.087240
0 0.533691 0.041667 0.120117 0.080729
0 0.576660 0.419922 0.112305 0.126302
0 0.797852 0.516276 0.111328 0.121094
9 0.081055 0.535807 0.115234 0.147135
0 0.499512 0.570964 0.112305 0.126302
0 0.678223 0.595703 0.112305 0.126302
9 0.270996 0.604167 0.172852 0.218750
0 0.940918 0.607422 0.112305 0.126302
0 0.676270 0.066406 0.112305 0.109375
0 0.499512 0.712891 0.112305 0.126302
9 0.881348 0.722656 0.157227 0.182292
0 0.324707 0.798828 0.112305 0.126302
0 0.860840 0.083984 0.108398 0.123698
0 0.962402 0.893229 0.075195 0.114583
0 0.067871 0.927734 0.124023 0.128906
0 0.504883 0.951823 0.105469 0.096354
0 0.957520 0.119792 0.084961 0.192708
0 0.536133 0.130208 0.107422 0.130208
0 0.609375 0.194010 0.066406 0.111979
0 0.327148 0.955729 0.072266 0.088542
0 0.211426 0.950521 0.124023 0.098958
