0 0.525391 0.207682 0.156250 0.178385
0 0.823730 0.246094 0.122070 0.153646
0 0.942871 0.246745 0.108398 0.160156
4 0.711914 0.257161 0.083984 0.108073
4 0.396484 0.270182 0.101562 0.134115
4 0.488770 0.347005 0.077148 0.110677
0 0.579590 0.348307 0.098633 0.115885
0 0.437988 0.410807 0.059570 0.074219
0 0.832520 0.430990 0.106445 0.138021
4 0.658691 0.551432 0.088867 0.175781
0 0.729004 0.591797 0.086914 0.173177
9 0.881836 0.628255 0.080078 0.154948
0 0.808594 0.639974 0.080078 0.154948
0 0.062500 0.649740 0.103516 0.148438
0 0.527344 0.666667 0.111328 0.132812
0 0.174316 0.682292 0.131836 0.166667
4 0.395508 0.899089 0.101562 0.175781
4 0.290527 0.904948 0.108398 0.119792
4 0.837402 0.916016 0.163086 0.147135
9 0.508301 0.832682 0.090820 0.165365
9 0.546875 0.912109 0.128906 0.175781
9 0.072266 0.893229 0.144531 0.208333
9 0.953125 0.478516 0.093750 0.152344
9 0.951172 0.751302 0.097656 0.156250
0 0.605469 0.464844 0.082031 0.145833
0 0.576172 0.059896 0.125000 0.119792
