0 0.174805 0.143229 0.070312 0.101562
0 0.072266 0.160156 0.062500 0.088542
1 0.683594 0.173828 0.099609 0.121094
0 0.954590 0.193359 0.090820 0.178385
0 0.260742 0.204427 0.070312 0.101562
0 0.919434 0.224609 0.088867 0.144531
0 0.351074 0.225911 0.067383 0.089844
0 0.227539 0.252604 0.083984 0.125000
0 0.159180 0.253906 0.091797 0.130208
0 0.837891 0.281901 0.091797 0.089844
0 0.406250 0.305990 0.070312 0.101562
0 0.670898 0.324870 0.091797 0.089844
0 0.935547 0.333984 0.091797 0.089844
0 0.548828 0.339844 0.070312 0.101562
0 0.776367 0.362630 0.119141 0.126302
0 0.196289 0.376953 0.062500 0.123698
0 0.255371 0.380208 0.047852 0.111979
0 0.910156 0.425781 0.101562 0.109375
0 0.714355 0.426432 0.100586 0.100260
0 0.380859 0.431641 0.099609 0.144531
0 0.511719 0.450521 0.078125 0.088542
0 0.453613 0.045573 0.118164 0.085938
0 0.311523 0.455729 0.070312 0.101562
0 0.682129 0.527344 0.088867 0.106771
0 0.836914 0.533854 0.085938 0.151042
0 0.568359 0.535807 0.076172 0.136719
0 0.124512 0.554688 0.096680 0.145833
0 0.518066 0.565755 0.088867 0.136719
0 0.031250 0.578125 0.058594 0.135417
0 0.688965 0.635417 0.088867 0.106771
0 0.612793 0.656901 0.073242 0.139323
0 0.782715 0.662109 0.073242 0.139323
1 0.420898 0.706380 0.082031 0.170573
0 0.489258 0.725911 0.072266 0.157552
0 0.050781 0.726562 0.089844 0.119792
0 0.722168 0.767578 0.096680 0.128906
0 0.658691 0.779297 0.081055 0.126302
0 0.559082 0.806641 0.086914 0.131510
0 0.274414 0.832682 0.087891 0.108073
0 0.189453 0.837240 0.078125 0.104167
0 0.708008 0.850260 0.091797 0.106771
0 0.360840 0.862630 0.083008 0.110677
0 0.973145 0.893880 0.053711 0.141927
0 0.077637 0.919271 0.075195 0.122396
0 0.797852 0.094401 0.099609 0.160156
0 0.562988 0.940755 0.137695 0.118490
0 0.149902 0.951172 0.083008 0.095052
0 0.966797 0.100260 0.066406 0.143229
0 0.236328 0.104167 0.070312 0.101562
6 0.296875 0.571615 0.072266 0.132812
6 0.368164 0.574870 0.064453 0.115885
6 0.432129 0.577474 0.088867 0.149740
1 0.685059 0.053385 0.098633 0.106771
1 0.036133 0.123047 0.068359 0.087240
0 0.015625 0.930339 0.031250 0.139323
0 0.302734 0.955729 0.132812 0.088542
0 0.114258 0.769531 0.123047 0.143229
0 0.102539 0.865885 0.113281 0.075521
9 0.870117 0.832682 0.130859 0.204427
9 0.182617 0.574870 0.111328 0.253906
9 0.319336 0.704427 0.142578 0.132812
9 0.470703 0.211589 0.074219 0.102865
9 0.302734 0.089844 0.105469 0.127604
0 0.717773 0.973307 0.126953 0.053385
0 0.632324 0.448568 0.088867 0.123698
9 0.625488 0.303385 0.090820 0.127604
9 0.094238 0.470703 0.067383 0.092448
9 0.934082 0.703125 0.118164 0.122396
6 0.375000 0.020182 0.054688 0.040365
0 0.335176 0.341289 0.101992 0.133099
