0 0.414062 0.232422 0.107422 0.134115
0 0.507812 0.238281 0.126953 0.125000
0 0.294434 0.262370 0.137695 0.173177
0 0.520020 0.363281 0.125977 0.151042
2 0.721191 0.371094 0.219727 0.205729
0 0.234375 0.391927 0.134766 0.109375
0 0.274414 0.476562 0.134766 0.109375
2 0.108398 0.551432 0.144531 0.180990
2 0.244629 0.611979 0.139648 0.200521
2 0.206055 0.839193 0.144531 0.180990
2 0.584473 0.903646 0.161133 0.192708
1 0.098633 0.930339 0.085938 0.139323
2 0.181152 0.951823 0.131836 0.096354
0 0.206055 0.099609 0.083984 0.149740
9 0.873535 0.280599 0.090820 0.095052
9 0.564453 0.694010 0.148438 0.148438
1 0.279297 0.097656 0.074219 0.158854
9 0.400391 0.555339 0.193359 0.121094
9 0.417969 0.361979 0.078125 0.143229
9 0.410156 0.471354 0.140625 0.093750
9 0.068359 0.360026 0.119141 0.147135
9 0.752930 0.116536 0.138672 0.175781
