1 0.465820 0.242188 0.101562 0.166667
1 0.687012 0.298177 0.114258 0.138021
1 0.701660 0.311849 0.112305 0.165365
1 0.193359 0.331380 0.121094 0.152344
1 0.847656 0.376302 0.126953 0.153646
1 0.969238 0.358073 0.061523 0.153646
0 0.229492 0.411458 0.085938 0.122396
1 0.791504 0.433594 0.088867 0.114583
1 0.688965 0.453125 0.122070 0.140625
1 0.506348 0.526693 0.118164 0.170573
1 0.933105 0.540365 0.110352 0.164062
1 0.403809 0.550781 0.090820 0.174479
9 0.659180 0.598307 0.101562 0.149740
1 0.179199 0.613281 0.125977 0.148438
1 0.069336 0.635417 0.105469 0.151042
1 0.809082 0.673177 0.096680 0.132812
1 0.376465 0.687500 0.110352 0.156250
1 0.474121 0.714844 0.108398 0.143229
1 0.249512 0.717448 0.090820 0.143229
1 0.470215 0.717448 0.102539 0.143229
1 0.645020 0.756510 0.100586 0.153646
1 0.555664 0.758464 0.068359 0.147135
1 0.082031 0.764323 0.072266 0.127604
1 0.872559 0.772135 0.092773 0.148438
1 0.172852 0.789062 0.101562 0.145833
1 0.298340 0.807292 0.110352 0.130208
1 0.770996 0.811198 0.098633 0.158854
1 0.398926 0.871094 0.112305 0.138021
1 0.562988 0.888021 0.104492 0.145833
1 0.697754 0.903646 0.104492 0.119792
1 0.306152 0.920573 0.094727 0.111979
0 0.244629 0.110026 0.190430 0.136719
1 0.891602 0.930339 0.173828 0.139323
1 0.332031 0.464193 0.097656 0.136719
1 0.775391 0.582682 0.132812 0.186198
1 0.020508 0.878906 0.041016 0.145833
1 0.076660 0.973307 0.108398 0.053385
1 0.472656 0.925781 0.089844 0.143229
1 0.520508 0.048177 0.109375 0.096354
1 0.408691 0.058594 0.135742 0.117188
9 0.379883 0.156901 0.074219 0.149740
9 0.283203 0.255859 0.128906 0.144531
9 0.286621 0.580729 0.118164 0.151042
1 0.589355 0.460938 0.096680 0.177083
9 0.097656 0.889974 0.109375 0.141927
1 0.963379 0.606120 0.073242 0.178385
