0 0.400879 0.195312 0.090820 0.111979
6 0.537598 0.261068 0.084961 0.095052
0 0.656738 0.295573 0.079102 0.085938
0 0.736816 0.306641 0.090820 0.108073
6 0.562500 0.323568 0.074219 0.055990
6 0.423340 0.330078 0.084961 0.126302
5 0.267578 0.357422 0.242188 0.126302
0 0.825195 0.365234 0.107422 0.170573
6 0.606934 0.372396 0.067383 0.080729
6 0.474609 0.414062 0.060547 0.041667
6 0.551758 0.419271 0.070312 0.067708
6 0.514648 0.478516 0.078125 0.071615
0 0.229492 0.526042 0.101562 0.096354
0 0.134766 0.584635 0.091797 0.130208
0 0.275879 0.622396 0.088867 0.109375
0 0.501465 0.623698 0.108398 0.138021
0 0.380859 0.640625 0.117188 0.190104
0 0.845703 0.642578 0.093750 0.175781
0 0.242188 0.710286 0.085938 0.095052
0 0.158691 0.725260 0.102539 0.151042
0 0.362793 0.072917 0.165039 0.140625
0 0.240723 0.074219 0.096680 0.135417
0 0.916504 0.779948 0.088867 0.158854
0 0.820801 0.796224 0.098633 0.110677
0 0.748535 0.837891 0.108398 0.178385
0 0.851074 0.878906 0.088867 0.093750
0 0.151367 0.111979 0.082031 0.148438
0 0.973145 0.587891 0.053711 0.214844
0 0.422852 0.494792 0.142578 0.138021
0 0.724609 0.033854 0.121094 0.067708
0 0.928223 0.169271 0.139648 0.171875
0 0.053223 0.242839 0.106445 0.180990
0 0.057129 0.656901 0.114258 0.141927
0 0.086426 0.838542 0.086914 0.197917
6 0.486816 0.326172 0.079102 0.154948
0 0.606934 0.595052 0.116211 0.106771
