0 0.115234 0.147786 0.107422 0.108073
0 0.077637 0.239583 0.120117 0.151042
0 0.253906 0.358073 0.173828 0.205729
0 0.733887 0.548177 0.129883 0.218750
0 0.608887 0.568359 0.104492 0.175781
0 0.239746 0.656250 0.094727 0.182292
5 0.503418 0.763672 0.225586 0.191406
0 0.299316 0.873047 0.118164 0.102865
0 0.867676 0.890625 0.129883 0.218750
0 0.573730 0.932292 0.116211 0.135417
0 0.666504 0.955729 0.110352 0.088542
0 0.348633 0.731120 0.111328 0.144531
0 0.451660 0.933594 0.145508 0.132812
0 0.025391 0.373047 0.050781 0.157552
0 0.135742 0.055990 0.138672 0.111979
0 0.156738 0.710938 0.112305 0.122396
0 0.061523 0.954427 0.123047 0.091146
0 0.553711 0.432943 0.111328 0.115885
