1 0.491699 0.160807 0.104492 0.170573
1 0.597656 0.168620 0.138672 0.170573
1 0.410645 0.240885 0.122070 0.182292
1 0.491699 0.343750 0.094727 0.104167
1 0.450195 0.473958 0.109375 0.143229
1 0.221191 0.477865 0.108398 0.184896
1 0.338379 0.483073 0.110352 0.161458
1 0.919434 0.752604 0.110352 0.151042
1 0.975586 0.783854 0.048828 0.156250
0 0.626465 0.799479 0.106445 0.135417
1 0.877930 0.873698 0.105469 0.140625
0 0.565430 0.888672 0.117188 0.165365
1 0.948730 0.927734 0.102539 0.144531
1 0.847168 0.965495 0.120117 0.069010
