4 0.184570 0.378906 0.138672 0.216146
1 0.895020 0.442708 0.135742 0.135417
0 0.745117 0.479167 0.128906 0.174479
2 0.628906 0.501953 0.130859 0.157552
2 0.514648 0.522135 0.117188 0.132812
1 0.870605 0.535156 0.088867 0.106771
2 0.445801 0.540365 0.129883 0.195312
1 0.629883 0.643880 0.142578 0.147135
1 0.351074 0.656250 0.067383 0.161458
2 0.486328 0.669271 0.150391 0.125000
4 0.248047 0.716146 0.138672 0.216146
2 0.809082 0.722656 0.153320 0.156250
2 0.397461 0.807292 0.121094 0.145833
2 0.518555 0.862630 0.130859 0.157552
1 0.644531 0.917318 0.142578 0.147135
9 0.520508 0.253255 0.169922 0.188802
2 0.618652 0.807943 0.092773 0.147135
2 0.968750 0.391276 0.062500 0.160156
