1 0.545898 0.264323 0.177734 0.171875
1 0.401367 0.324870 0.138672 0.154948
1 0.265137 0.381510 0.176758 0.117188
1 0.237305 0.511719 0.162109 0.140625
1 0.710449 0.621745 0.172852 0.152344
1 0.354492 0.634766 0.144531 0.144531
1 0.238770 0.764974 0.127930 0.082031
1 0.624512 0.809896 0.223633 0.140625
1 0.908203 0.845052 0.111328 0.148438
1 0.313965 0.847656 0.086914 0.119792
1 0.106445 0.916667 0.183594 0.132812
1 0.750488 0.919271 0.182617 0.161458
1 0.274902 0.927083 0.112305 0.109375
1 0.595703 0.930339 0.125000 0.139323
1 0.059570 0.352865 0.111328 0.148438
1 0.511230 0.972656 0.079102 0.054688
9 0.796387 0.233073 0.202148 0.169271
