0 0.250977 0.145833 0.152344 0.205729
1 0.107910 0.162760 0.104492 0.158854
0 0.854980 0.200521 0.096680 0.177083
0 0.961426 0.217448 0.077148 0.143229
0 0.455566 0.227865 0.112305 0.130208
0 0.400391 0.232422 0.117188 0.160156
0 0.553711 0.236979 0.111328 0.164062
0 0.653320 0.252604 0.136719 0.210938
0 0.250977 0.296224 0.105469 0.128906
0 0.133789 0.337240 0.134766 0.127604
0 0.958008 0.337891 0.083984 0.152344
0 0.887695 0.338542 0.095703 0.171875
0 0.668457 0.370443 0.124023 0.178385
0 0.377441 0.371745 0.127930 0.141927
0 0.553711 0.408203 0.117188 0.183594
0 0.452148 0.420573 0.109375 0.182292
0 0.875488 0.436198 0.124023 0.158854
0 0.770508 0.458984 0.103516 0.149740
0 0.959473 0.459635 0.081055 0.187500
0 0.111328 0.461589 0.132812 0.113281
0 0.395020 0.046875 0.114258 0.083333
0 0.250000 0.511068 0.136719 0.139323
0 0.573730 0.555990 0.182617 0.158854
0 0.116699 0.603516 0.129883 0.157552
0 0.286133 0.612630 0.154297 0.134115
0 0.688477 0.632161 0.144531 0.191406
0 0.415039 0.634766 0.117188 0.128906
0 0.541992 0.698568 0.111328 0.157552
0 0.271973 0.740234 0.110352 0.134115
0 0.479980 0.757812 0.122070 0.132812
0 0.161621 0.771484 0.141602 0.191406
0 0.383301 0.790365 0.100586 0.140625
0 0.661133 0.802083 0.115234 0.138021
0 0.802246 0.805339 0.116211 0.235677
0 0.295410 0.863932 0.092773 0.160156
0 0.042480 0.882812 0.081055 0.132812
0 0.408203 0.916016 0.138672 0.118490
0 0.135742 0.929036 0.113281 0.139323
0 0.793945 0.946615 0.169922 0.106771
0 0.232910 0.949219 0.108398 0.098958
0 0.418945 0.111328 0.091797 0.121094
0 0.759766 0.118490 0.099609 0.156250
0 0.921875 0.054688 0.101562 0.109375
0 0.031250 0.679036 0.062500 0.162760
0 0.813477 0.026693 0.097656 0.053385
9 0.975098 0.843099 0.049805 0.173177
9 0.901367 0.904948 0.064453 0.111979
9 0.066895 0.031901 0.086914 0.063802
9 0.970215 0.971354 0.059570 0.057292
9 0.499512 0.076172 0.069336 0.152344
9 0.531738 0.878255 0.133789 0.230469
