0 0.157715 0.208984 0.114258 0.165365
0 0.273926 0.239583 0.110352 0.174479
0 0.464355 0.249349 0.137695 0.144531
9 0.863770 0.291016 0.090820 0.212240
9 0.786133 0.302734 0.093750 0.167969
0 0.594238 0.313151 0.110352 0.214844
0 0.403809 0.350911 0.067383 0.131510
5 0.177734 0.373698 0.203125 0.203125
0 0.484375 0.403646 0.076172 0.192708
0 0.365723 0.451823 0.088867 0.166667
0 0.336914 0.049479 0.207031 0.096354
5 0.131836 0.532552 0.228516 0.164062
0 0.671875 0.563802 0.126953 0.195312
0 0.440918 0.589193 0.118164 0.162760
0 0.054199 0.766927 0.108398 0.184896
0 0.728516 0.172526 0.097656 0.144531
9 0.878418 0.057292 0.114258 0.114583
9 0.966797 0.499349 0.066406 0.196615
6 0.451660 0.926432 0.106445 0.102865
9 0.113770 0.639323 0.122070 0.151042
9 0.664062 0.800130 0.115234 0.121094
0 0.719727 0.859375 0.099609 0.125000
0 0.267578 0.116536 0.101562 0.105469
9 0.454102 0.143880 0.166016 0.209635
9 0.208984 0.876953 0.199219 0.246094
6 0.269043 0.765625 0.094727 0.143229
9 0.903320 0.757812 0.140625 0.364583
9 0.534668 0.822266 0.204102 0.196615
