1 0.942871 0.144531 0.112305 0.132812
2 0.608398 0.195964 0.109375 0.173177
1 0.210449 0.198568 0.135742 0.173177
1 0.761230 0.361979 0.092773 0.109375
2 0.518066 0.414062 0.139648 0.151042
0 0.359863 0.422526 0.116211 0.113281
1 0.401855 0.678385 0.143555 0.091146
1 0.698730 0.753255 0.143555 0.105469
2 0.265625 0.807292 0.148438 0.156250
0 0.864258 0.927734 0.085938 0.136719
0 0.354980 0.126953 0.110352 0.157552
1 0.250488 0.033854 0.118164 0.067708
1 0.946289 0.388672 0.107422 0.100260
1 0.856934 0.457031 0.104492 0.104167
1 0.416504 0.964193 0.112305 0.071615
1 0.142578 0.943359 0.132812 0.113281
1 0.251953 0.960938 0.107422 0.078125
1 0.393555 0.757812 0.125000 0.093750
2 0.498535 0.314453 0.178711 0.110677
2 0.319336 0.306641 0.169922 0.149740
2 0.636719 0.317057 0.119141 0.084635
1 0.916016 0.070312 0.113281 0.111979
1 0.703125 0.218750 0.085938 0.127604
9 0.749512 0.529297 0.129883 0.165365
9 0.643066 0.392578 0.092773 0.076823
9 0.381348 0.921224 0.077148 0.092448
9 0.295410 0.907552 0.081055 0.093750
1 0.979492 0.470052 0.041016 0.122396
9 0.462891 0.059896 0.191406 0.111979
9 0.801270 0.123047 0.104492 0.147135
9 0.788086 0.969401 0.107422 0.061198
