0 0.864258 0.332031 0.099609 0.140625
0 0.779297 0.339844 0.070312 0.130208
0 0.718750 0.382161 0.076172 0.084635
5 0.367188 0.415365 0.281250 0.221354
0 0.803711 0.431641 0.076172 0.084635
7 0.113770 0.479167 0.227539 0.236979
0 0.917969 0.442057 0.076172 0.084635
0 0.699707 0.474609 0.098633 0.118490
0 0.604980 0.483724 0.098633 0.162760
0 0.893066 0.528646 0.116211 0.104167
0 0.247070 0.550781 0.187500 0.091146
0 0.834961 0.615234 0.085938 0.092448
7 0.121582 0.691406 0.243164 0.161458
0 0.639648 0.735677 0.138672 0.111979
5 0.369141 0.838542 0.208984 0.192708
0 0.209961 0.887370 0.107422 0.160156
7 0.711426 0.850260 0.133789 0.278646
0 0.778809 0.540365 0.096680 0.125000
0 0.369141 0.677083 0.128906 0.132812
0 0.510742 0.667969 0.119141 0.091146
0 0.297852 0.699870 0.101562 0.108073
7 0.894043 0.933594 0.211914 0.132812
9 0.539062 0.884766 0.115234 0.121094
0 0.965332 0.248047 0.069336 0.160156
9 0.079590 0.864583 0.159180 0.166667
