0 0.770996 0.169271 0.114258 0.114583
0 0.895508 0.186849 0.107422 0.136719
0 0.938965 0.328776 0.122070 0.128906
9 0.580078 0.350260 0.224609 0.148438
0 0.385254 0.410807 0.149414 0.121094
0 0.795410 0.429036 0.104492 0.123698
0 0.937988 0.486328 0.122070 0.162760
9 0.590332 0.497396 0.153320 0.177083
0 0.298828 0.521484 0.083984 0.121094
0 0.548340 0.584635 0.094727 0.166667
0 0.822754 0.641276 0.083008 0.131510
0 0.275879 0.677083 0.081055 0.122396
0 0.934570 0.679036 0.115234 0.178385
0 0.439453 0.710286 0.103516 0.136719
9 0.189941 0.757812 0.133789 0.161458
0 0.625000 0.087240 0.193359 0.166667
0 0.486328 0.876953 0.125000 0.121094
9 0.567383 0.928385 0.255859 0.143229
2 0.043945 0.085286 0.083984 0.108073
2 0.033691 0.025391 0.067383 0.050781
0 0.207520 0.046224 0.106445 0.082031
0 0.887695 0.059896 0.082031 0.109375
0 0.787109 0.328125 0.097656 0.080729
0 0.810059 0.042969 0.075195 0.085938
9 0.790039 0.759766 0.175781 0.113281
9 0.573730 0.761068 0.118164 0.095052
9 0.125000 0.259115 0.134766 0.104167
9 0.174316 0.660156 0.081055 0.070312
9 0.437500 0.587891 0.070312 0.115885
9 0.026367 0.914714 0.050781 0.167969
