1 0.495117 0.139323 0.128906 0.096354
1 0.741211 0.165365 0.070312 0.127604
1 0.105957 0.187500 0.084961 0.135417
2 0.222168 0.192708 0.118164 0.145833
1 0.648926 0.266927 0.081055 0.085938
5 0.959473 0.269531 0.081055 0.169271
2 0.846680 0.299479 0.156250 0.151042
2 0.150879 0.307943 0.110352 0.118490
9 0.439941 0.329427 0.170898 0.195312
0 0.218262 0.390625 0.098633 0.135417
1 0.827148 0.416667 0.125000 0.130208
1 0.282715 0.433594 0.055664 0.122396
1 0.352539 0.444010 0.058594 0.106771
1 0.549805 0.444010 0.093750 0.153646
0 0.659180 0.475911 0.134766 0.154948
1 0.934570 0.485677 0.066406 0.153646
2 0.824219 0.492188 0.130859 0.114583
2 0.436035 0.559896 0.133789 0.125000
1 0.795410 0.587891 0.120117 0.162760
0 0.651367 0.608073 0.107422 0.119792
1 0.329102 0.623698 0.130859 0.122396
1 0.611816 0.717448 0.116211 0.122396
1 0.303711 0.075521 0.089844 0.093750
1 0.774414 0.777344 0.101562 0.117188
2 0.498047 0.817708 0.142578 0.151042
2 0.697754 0.860677 0.122070 0.158854
9 0.137695 0.777995 0.248047 0.300781
1 0.106934 0.061198 0.096680 0.111979
1 0.957520 0.686198 0.084961 0.148438
9 0.475586 0.682292 0.058594 0.085938
9 0.031738 0.692057 0.057617 0.100260
1 0.056641 0.247396 0.085938 0.111979
1 0.037109 0.140625 0.074219 0.156250
1 0.809570 0.065104 0.121094 0.114583
2 0.925781 0.162760 0.140625 0.138021
2 0.641602 0.918620 0.148438 0.160156
