0 0.746582 0.327474 0.149414 0.183594
0 0.340820 0.389323 0.160156 0.184896
1 0.472656 0.396484 0.140625 0.191406
0 0.183105 0.519531 0.125977 0.158854
2 0.799316 0.554688 0.215820 0.156250
2 0.329102 0.784505 0.140625 0.191406
2 0.767578 0.890625 0.146484 0.122396
1 0.562500 0.910156 0.072266 0.119792
1 0.393555 0.934245 0.134766 0.128906
2 0.913574 0.125000 0.155273 0.179688
1 0.199219 0.779297 0.109375 0.154948
1 0.634277 0.688802 0.139648 0.153646
1 0.846680 0.229818 0.128906 0.136719
1 0.950195 0.514323 0.099609 0.174479
1 0.970703 0.860026 0.058594 0.214844
1 0.495117 0.820964 0.138672 0.128906
1 0.634277 0.368490 0.129883 0.156250
1 0.047363 0.708333 0.094727 0.166667
2 0.045898 0.503906 0.091797 0.132812
2 0.637695 0.870443 0.091797 0.220052
