0 0.439941 0.133464 0.077148 0.152344
0 0.568359 0.184896 0.103516 0.164062
0 0.401855 0.288411 0.081055 0.160156
0 0.611328 0.332682 0.113281 0.141927
0 0.497070 0.335938 0.105469 0.174479
0 0.716309 0.386068 0.094727 0.131510
0 0.260254 0.419922 0.106445 0.123698
0 0.500000 0.543620 0.152344 0.170573
0 0.772461 0.057292 0.070312 0.109375
0 0.692383 0.910807 0.140625 0.167969
0 0.713379 0.594401 0.114258 0.136719
0 0.616699 0.458984 0.086914 0.100260
0 0.702148 0.255859 0.080078 0.136719
0 0.661133 0.117839 0.089844 0.102865
0 0.564941 0.686849 0.086914 0.139323
1 0.783203 0.766927 0.060547 0.070312
1 0.266602 0.044922 0.095703 0.087240
