2 0.515137 0.239583 0.157227 0.223958
2 0.450195 0.355469 0.167969 0.148438
1 0.837891 0.554688 0.107422 0.213542
2 0.938965 0.564453 0.116211 0.141927
1 0.597656 0.578125 0.101562 0.166667
1 0.418945 0.608724 0.109375 0.188802
2 0.758789 0.637370 0.097656 0.188802
2 0.157227 0.645182 0.134766 0.209635
1 0.674316 0.648438 0.094727 0.213542
2 0.929199 0.704427 0.139648 0.153646
2 0.848145 0.795573 0.098633 0.138021
2 0.771484 0.861979 0.103516 0.145833
2 0.239258 0.875651 0.109375 0.188802
2 0.085938 0.878255 0.109375 0.188802
9 0.812988 0.934896 0.098633 0.127604
1 0.491699 0.958333 0.153320 0.083333
2 0.727539 0.121745 0.134766 0.209635
2 0.119141 0.066406 0.175781 0.132812
9 0.945801 0.933594 0.108398 0.132812
2 0.495605 0.456380 0.145508 0.121094
