1 0.129395 0.190755 0.098633 0.123698
1 0.416504 0.264323 0.131836 0.153646
1 0.261230 0.269531 0.127930 0.216146
1 0.142578 0.304036 0.130859 0.157552
1 0.573242 0.338542 0.138672 0.190104
1 0.439941 0.378255 0.110352 0.149740
1 0.698730 0.424479 0.116211 0.166667
1 0.513184 0.512370 0.120117 0.225260
1 0.401367 0.532552 0.173828 0.203125
1 0.760254 0.580078 0.118164 0.136719
1 0.719238 0.628906 0.083008 0.119792
1 0.659668 0.669922 0.108398 0.147135
1 0.762695 0.723958 0.125000 0.117188
1 0.551270 0.736979 0.120117 0.174479
1 0.665527 0.851562 0.196289 0.096354
1 0.171387 0.087891 0.086914 0.076823
