0 0.954590 0.222656 0.081055 0.156250
0 0.441895 0.172526 0.110352 0.123698
0 0.791992 0.178385 0.121094 0.145833
0 0.690430 0.240885 0.105469 0.109375
0 0.314453 0.274740 0.125000 0.143229
0 0.193848 0.290365 0.092773 0.140625
0 0.436035 0.300781 0.077148 0.130208
1 0.141113 0.345052 0.096680 0.119792
0 0.858887 0.345052 0.135742 0.106771
0 0.683594 0.347005 0.097656 0.095052
0 0.349609 0.377604 0.103516 0.096354
0 0.835449 0.423177 0.110352 0.130208
0 0.227051 0.429688 0.104492 0.135417
5 0.643066 0.416667 0.161133 0.158854
0 0.393066 0.473958 0.118164 0.109375
0 0.510742 0.474609 0.103516 0.131510
0 0.625000 0.532552 0.117188 0.098958
0 0.909180 0.553385 0.091797 0.130208
0 0.735840 0.563151 0.108398 0.126302
0 0.302734 0.565755 0.087891 0.131510
0 0.515137 0.594401 0.110352 0.110677
0 0.634766 0.641927 0.109375 0.135417
5 0.790527 0.670573 0.235352 0.166667
0 0.898926 0.761719 0.084961 0.135417
5 0.446777 0.777344 0.155273 0.239583
5 0.607422 0.804688 0.148438 0.210938
5 0.770996 0.886719 0.221680 0.177083
5 0.677246 0.111328 0.145508 0.149740
0 0.281738 0.113281 0.088867 0.127604
1 0.567383 0.114583 0.087891 0.138021
0 0.038086 0.121745 0.076172 0.131510
5 0.145508 0.106771 0.193359 0.205729
0 0.459473 0.053385 0.100586 0.101562
