1 0.553223 0.132812 0.084961 0.098958
1 0.345215 0.174479 0.118164 0.083333
1 0.145508 0.175781 0.082031 0.101562
1 0.228516 0.194661 0.091797 0.066406
1 0.708496 0.222656 0.071289 0.085938
1 0.917480 0.252604 0.075195 0.098958
1 0.352051 0.256510 0.084961 0.101562
1 0.604004 0.286458 0.081055 0.093750
1 0.248535 0.287760 0.108398 0.106771
1 0.479004 0.302083 0.096680 0.088542
1 0.683105 0.367188 0.092773 0.088542
1 0.640137 0.421875 0.083008 0.083333
1 0.914551 0.425781 0.086914 0.085938
1 0.360352 0.043620 0.095703 0.074219
1 0.827637 0.432292 0.092773 0.093750
1 0.342773 0.453125 0.078125 0.088542
1 0.115723 0.464844 0.059570 0.093750
1 0.285645 0.479167 0.096680 0.088542
1 0.399414 0.488281 0.078125 0.085938
1 0.167480 0.496094 0.051758 0.085938
0 0.536621 0.506510 0.124023 0.182292
1 0.775879 0.542969 0.065430 0.080729
1 0.910645 0.548177 0.071289 0.101562
1 0.092285 0.555990 0.090820 0.111979
1 0.319824 0.570312 0.057617 0.067708
1 0.239746 0.588542 0.067383 0.088542
1 0.818848 0.604167 0.088867 0.104167
1 0.629395 0.621094 0.106445 0.091146
1 0.272949 0.652344 0.051758 0.065104
1 0.361816 0.652344 0.077148 0.096354
1 0.064941 0.654948 0.061523 0.080729
1 0.957520 0.664062 0.077148 0.109375
1 0.448730 0.675781 0.071289 0.153646
1 0.715332 0.687500 0.077148 0.083333
1 0.652832 0.717448 0.081055 0.101562
1 0.507324 0.725260 0.075195 0.106771
1 0.785645 0.729167 0.086914 0.098958
1 0.582031 0.733073 0.056641 0.075521
1 0.305176 0.747396 0.069336 0.114583
1 0.889160 0.763021 0.069336 0.114583
1 0.139160 0.786458 0.061523 0.088542
1 0.799316 0.079427 0.088867 0.091146
1 0.076660 0.820312 0.057617 0.088542
1 0.272949 0.838542 0.086914 0.104167
1 0.033203 0.846354 0.064453 0.125000
1 0.426270 0.872396 0.075195 0.119792
1 0.810059 0.872396 0.088867 0.098958
1 0.950684 0.899740 0.069336 0.065104
1 0.654785 0.916667 0.071289 0.067708
1 0.095215 0.921875 0.059570 0.083333
1 0.254395 0.937500 0.081055 0.078125
1 0.170410 0.964844 0.081055 0.070312
1 0.320801 0.104818 0.067383 0.071615
1 0.391113 0.117188 0.061523 0.078125
1 0.221680 0.118490 0.062500 0.067708
1 0.918457 0.330729 0.065430 0.088542
1 0.848633 0.363281 0.062500 0.075521
1 0.921875 0.099609 0.068359 0.097656
1 0.759766 0.248698 0.058594 0.078125
1 0.635742 0.516927 0.082031 0.067708
1 0.728516 0.585286 0.066406 0.105469
1 0.875977 0.623047 0.050781 0.092448
1 0.877930 0.851562 0.076172 0.072917
1 0.814453 0.781901 0.062500 0.076823
1 0.697266 0.769531 0.103516 0.106771
1 0.743652 0.839844 0.063477 0.057292
1 0.770996 0.940104 0.122070 0.119792
1 0.561035 0.924479 0.075195 0.057292
1 0.541992 0.813802 0.066406 0.083333
1 0.608887 0.828125 0.057617 0.083333
1 0.400879 0.962240 0.075195 0.075521
1 0.339355 0.888672 0.075195 0.095052
1 0.312988 0.973307 0.090820 0.053385
1 0.055176 0.983073 0.071289 0.033854
1 0.136230 0.697266 0.055664 0.066406
1 0.189941 0.635417 0.055664 0.083333
1 0.096680 0.682292 0.058594 0.065104
1 0.045410 0.491536 0.057617 0.066406
1 0.114258 0.386068 0.085938 0.136719
1 0.093262 0.237630 0.063477 0.115885
1 0.156250 0.270182 0.070312 0.100260
1 0.168457 0.059245 0.065430 0.087240
1 0.090332 0.099609 0.075195 0.076823
1 0.093262 0.026042 0.071289 0.052083
1 0.268555 0.047526 0.066406 0.095052
1 0.425293 0.234375 0.065430 0.078125
1 0.465820 0.126302 0.083984 0.143229
1 0.556152 0.040365 0.071289 0.080729
1 0.559570 0.335286 0.066406 0.102865
1 0.780762 0.166667 0.112305 0.091146
1 0.680176 0.155599 0.083008 0.110677
1 0.707520 0.107422 0.092773 0.055990
1 0.645508 0.037109 0.099609 0.074219
