0 0.735840 0.158854 0.239258 0.231771
0 0.366699 0.161458 0.153320 0.106771
0 0.481934 0.222005 0.092773 0.170573
0 0.177246 0.228516 0.108398 0.144531
0 0.395508 0.320312 0.085938 0.138021
0 0.562988 0.330078 0.098633 0.144531
0 0.684570 0.335286 0.125000 0.105469
0 0.301270 0.391276 0.106445 0.144531
0 0.917969 0.471354 0.162109 0.122396
0 0.722168 0.473307 0.129883 0.147135
0 0.413086 0.479818 0.111328 0.178385
0 0.568359 0.500651 0.117188 0.152344
0 0.218262 0.599609 0.116211 0.170573
0 0.500000 0.069010 0.175781 0.091146
0 0.815430 0.695964 0.140625 0.115885
0 0.268555 0.218099 0.072266 0.126302
0 0.138672 0.091146 0.148438 0.156250
0 0.033203 0.183594 0.066406 0.184896
1 0.041016 0.363932 0.082031 0.134115
1 0.954590 0.384115 0.090820 0.140625
9 0.813477 0.395833 0.070312 0.122396
0 0.973145 0.617839 0.053711 0.173177
0 0.868164 0.041016 0.154297 0.082031
0 0.336914 0.059245 0.132812 0.118490
0 0.326660 0.645833 0.100586 0.125000
9 0.399902 0.643229 0.059570 0.072917
0 0.501465 0.598307 0.124023 0.102865
0 0.581543 0.678385 0.127930 0.085938
0 0.464844 0.673177 0.111328 0.106771
5 0.333008 0.735677 0.121094 0.127604
0 0.407227 0.823568 0.111328 0.154948
0 0.520508 0.785807 0.107422 0.162760
0 0.488281 0.929036 0.123047 0.141927
9 0.242676 0.873047 0.141602 0.108073
0 0.780762 0.598958 0.131836 0.135417
9 0.947266 0.241536 0.105469 0.139323
1 0.039551 0.496094 0.079102 0.135417
