1 0.289551 0.140625 0.108398 0.130208
1 0.819824 0.153646 0.086914 0.145833
1 0.069824 0.158854 0.106445 0.109375
1 0.472168 0.180990 0.098633 0.132812
1 0.661621 0.197917 0.114258 0.145833
1 0.110840 0.256510 0.086914 0.111979
1 0.329590 0.270833 0.110352 0.135417
1 0.664551 0.285156 0.104492 0.106771
1 0.520996 0.341146 0.114258 0.197917
1 0.839355 0.354167 0.094727 0.145833
1 0.429199 0.376302 0.071289 0.122396
1 0.129395 0.394531 0.096680 0.111979
1 0.248535 0.415365 0.127930 0.179688
1 0.345215 0.462240 0.086914 0.122396
1 0.691895 0.480469 0.096680 0.117188
1 0.860840 0.484375 0.129883 0.109375
1 0.596191 0.493490 0.104492 0.127604
1 0.343262 0.058594 0.098633 0.101562
1 0.562012 0.587240 0.094727 0.127604
1 0.235840 0.596354 0.086914 0.104167
1 0.480957 0.602865 0.084961 0.122396
1 0.828613 0.618490 0.096680 0.122396
1 0.070801 0.632812 0.096680 0.156250
1 0.307129 0.640625 0.084961 0.088542
1 0.106934 0.652344 0.133789 0.210938
1 0.396973 0.678385 0.100586 0.153646
1 0.706543 0.699219 0.110352 0.122396
1 0.691895 0.070312 0.081055 0.114583
1 0.270020 0.708333 0.084961 0.119792
1 0.853027 0.734375 0.090820 0.125000
1 0.665527 0.803385 0.118164 0.138021
1 0.074707 0.804688 0.081055 0.140625
1 0.803223 0.812500 0.083008 0.125000
1 0.570801 0.825521 0.088867 0.140625
1 0.272949 0.837240 0.098633 0.143229
1 0.162598 0.842448 0.084961 0.179688
1 0.437988 0.867188 0.108398 0.197917
1 0.928223 0.897135 0.100586 0.117188
1 0.554199 0.910156 0.071289 0.122396
1 0.078125 0.944010 0.103516 0.111979
1 0.850098 0.953125 0.088867 0.093750
8 0.165527 0.221354 0.045898 0.052083
1 0.109863 0.109375 0.100586 0.104167
1 0.973145 0.500651 0.053711 0.108073
1 0.761719 0.417318 0.078125 0.113281
1 0.730957 0.335938 0.088867 0.093750
1 0.561523 0.050130 0.109375 0.071615
1 0.435547 0.046224 0.103516 0.084635
1 0.254395 0.050130 0.110352 0.100260
1 0.210938 0.139323 0.082031 0.091146
1 0.257324 0.233724 0.059570 0.097656
1 0.243652 0.314453 0.079102 0.074219
1 0.154297 0.282552 0.070312 0.093750
1 0.035156 0.259766 0.070312 0.074219
1 0.064453 0.358073 0.068359 0.111979
1 0.736816 0.894531 0.081055 0.093750
1 0.674316 0.969401 0.102539 0.061198
1 0.943848 0.077474 0.079102 0.108073
1 0.917969 0.722656 0.072266 0.166667
1 0.951660 0.821615 0.073242 0.096354
1 0.895508 0.583333 0.095703 0.088542
1 0.918457 0.404297 0.071289 0.076823
1 0.910156 0.312500 0.085938 0.104167
1 0.979004 0.222656 0.041992 0.161458
1 0.750977 0.165365 0.097656 0.106771
1 0.753418 0.055990 0.096680 0.104167
1 0.570312 0.133464 0.130859 0.157552
1 0.578125 0.220052 0.099609 0.106771
1 0.510254 0.100260 0.051758 0.088542
1 0.494141 0.473958 0.072266 0.143229
1 0.625000 0.624349 0.082031 0.113281
1 0.710938 0.591797 0.076172 0.092448
1 0.764160 0.535156 0.041992 0.122396
1 0.583008 0.697266 0.136719 0.113281
1 0.469727 0.748047 0.072266 0.123698
1 0.356934 0.810547 0.063477 0.102865
1 0.030762 0.453125 0.061523 0.104167
1 0.097656 0.495443 0.058594 0.100260
1 0.179688 0.500000 0.101562 0.117188
1 0.393066 0.145833 0.090820 0.093750
1 0.029785 0.059896 0.059570 0.059896
1 0.278809 0.928385 0.102539 0.101562
1 0.389648 0.533203 0.126953 0.105469
1 0.870605 0.832682 0.041992 0.102865
