5 0.485840 0.302083 0.149414 0.192708
0 0.639160 0.361328 0.170898 0.152344
5 0.378906 0.363932 0.091797 0.147135
4 0.774902 0.396484 0.108398 0.141927
5 0.645996 0.541016 0.112305 0.160156
5 0.356934 0.549479 0.163086 0.236979
0 0.744629 0.536458 0.106445 0.161458
4 0.579102 0.798828 0.164062 0.227865
1 0.473145 0.080729 0.086914 0.156250
4 0.801758 0.821615 0.150391 0.158854
1 0.564453 0.095052 0.095703 0.127604
9 0.665527 0.158854 0.151367 0.148438
5 0.830078 0.951172 0.134766 0.097656
0 0.063965 0.214193 0.127930 0.230469
9 0.278809 0.707031 0.112305 0.236979
4 0.929688 0.951823 0.097656 0.096354
9 0.708984 0.743490 0.101562 0.161458
