1 0.667480 0.197917 0.176758 0.135417
1 0.671875 0.356120 0.101562 0.180990
1 0.135254 0.384766 0.147461 0.243490
1 0.582520 0.410156 0.124023 0.210938
1 0.709473 0.490234 0.127930 0.167969
1 0.475586 0.546224 0.105469 0.178385
1 0.728027 0.644531 0.114258 0.119792
1 0.499023 0.681641 0.166016 0.121094
1 0.640137 0.704427 0.098633 0.195312
1 0.456055 0.814453 0.128906 0.165365
1 0.656738 0.082031 0.120117 0.156250
1 0.382324 0.919271 0.125977 0.158854
1 0.235840 0.084635 0.170898 0.169271
1 0.969238 0.891927 0.061523 0.216146
1 0.546875 0.521484 0.103516 0.212240
