0 0.370605 0.178385 0.116211 0.153646
9 0.957520 0.195312 0.075195 0.192708
5 0.673340 0.207682 0.141602 0.256510
0 0.792480 0.260417 0.168945 0.140625
0 0.230469 0.307943 0.140625 0.186198
0 0.819824 0.399089 0.094727 0.121094
0 0.718262 0.400391 0.094727 0.121094
9 0.124023 0.414714 0.171875 0.139323
0 0.719238 0.510417 0.196289 0.125000
0 0.868164 0.514974 0.093750 0.183594
9 0.151855 0.540365 0.141602 0.143229
0 0.511719 0.549479 0.169922 0.140625
9 0.288574 0.662760 0.125977 0.195312
0 0.938965 0.686198 0.122070 0.164062
9 0.508789 0.691406 0.128906 0.145833
0 0.646973 0.795573 0.168945 0.140625
9 0.771484 0.900391 0.105469 0.139323
0 0.611816 0.923177 0.168945 0.140625
0 0.479980 0.078125 0.114258 0.156250
9 0.078125 0.253906 0.095703 0.070312
9 0.052734 0.606120 0.105469 0.165365
9 0.926270 0.818359 0.141602 0.126302
