0 0.878418 0.167318 0.104492 0.102865
0 0.406738 0.187500 0.106445 0.117188
0 0.605957 0.212891 0.180664 0.162760
0 0.287109 0.214844 0.117188 0.135417
0 0.074219 0.241536 0.095703 0.149740
0 0.691406 0.322266 0.091797 0.144531
0 0.338379 0.331380 0.104492 0.134115
0 0.962402 0.332682 0.073242 0.128906
0 0.596680 0.360677 0.095703 0.140625
0 0.128906 0.396484 0.080078 0.110677
0 0.469238 0.442708 0.143555 0.177083
0 0.228516 0.447917 0.099609 0.169271
0 0.894531 0.485026 0.171875 0.194010
0 0.729004 0.509766 0.086914 0.154948
0 0.642090 0.547526 0.098633 0.136719
0 0.531738 0.554036 0.086914 0.115885
0 0.116699 0.604167 0.108398 0.174479
0 0.651367 0.662109 0.107422 0.089844
0 0.452637 0.727214 0.180664 0.233073
0 0.624512 0.790365 0.125977 0.177083
0 0.175293 0.796224 0.129883 0.165365
0 0.220215 0.085938 0.122070 0.132812
0 0.814453 0.876302 0.140625 0.145833
0 0.358398 0.910156 0.109375 0.119792
0 0.786133 0.118490 0.121094 0.125000
1 0.031250 0.761719 0.062500 0.114583
0 0.421387 0.057943 0.112305 0.115885
0 0.792969 0.970052 0.128906 0.059896
9 0.658203 0.065104 0.117188 0.119792
0 0.811523 0.022135 0.099609 0.044271
0 0.871094 0.300781 0.107422 0.148438
0 0.772461 0.276693 0.099609 0.157552
9 0.278809 0.845052 0.092773 0.177083
0 0.453613 0.293620 0.094727 0.118490
