5 0.688477 0.205729 0.167969 0.250000
5 0.462891 0.257812 0.285156 0.156250
0 0.126465 0.302734 0.141602 0.170573
0 0.237793 0.337240 0.096680 0.122396
0 0.252441 0.468750 0.108398 0.132812
0 0.471191 0.596354 0.090820 0.127604
7 0.694824 0.626953 0.088867 0.230469
0 0.225098 0.656901 0.108398 0.157552
0 0.444336 0.757812 0.126953 0.080729
5 0.914062 0.787109 0.144531 0.238281
0 0.154297 0.794271 0.111328 0.127604
0 0.520020 0.837891 0.112305 0.105469
0 0.367676 0.843750 0.069336 0.119792
0 0.758301 0.928385 0.166992 0.117188
1 0.781738 0.597656 0.075195 0.078125
0 0.562500 0.947917 0.101562 0.104167
0 0.341309 0.365234 0.100586 0.105469
0 0.376953 0.445312 0.093750 0.088542
0 0.322266 0.770833 0.097656 0.091146
0 0.054199 0.877604 0.090820 0.093750
0 0.268066 0.962891 0.075195 0.074219
0 0.152344 0.940104 0.082031 0.106771
0 0.055664 0.960286 0.070312 0.066406
0 0.133301 0.666016 0.086914 0.105469
0 0.208008 0.520182 0.091797 0.113281
0 0.431641 0.686849 0.101562 0.066406
0 0.329102 0.684896 0.080078 0.072917
0 0.428223 0.514323 0.067383 0.101562
9 0.754883 0.824870 0.119141 0.092448
9 0.766113 0.701172 0.053711 0.144531
9 0.896973 0.660156 0.190430 0.210938
9 0.972656 0.934245 0.054688 0.131510
