0 0.364258 0.174479 0.097656 0.096354
0 0.744141 0.175130 0.109375 0.141927
0 0.462891 0.192057 0.101562 0.121094
0 0.235352 0.207031 0.117188 0.195312
6 0.206055 0.356120 0.082031 0.102865
0 0.796875 0.359375 0.089844 0.132812
6 0.134277 0.373698 0.071289 0.132812
0 0.529785 0.464193 0.081055 0.136719
0 0.266113 0.497396 0.086914 0.125000
0 0.763184 0.580078 0.096680 0.095052
0 0.663086 0.600260 0.083984 0.101562
6 0.423828 0.609375 0.078125 0.096354
0 0.467285 0.677734 0.098633 0.131510
0 0.833008 0.684896 0.083984 0.119792
0 0.566406 0.718750 0.101562 0.127604
0 0.178711 0.768880 0.076172 0.092448
0 0.547363 0.080078 0.098633 0.113281
0 0.721191 0.813802 0.098633 0.132812
0 0.836914 0.813802 0.099609 0.098958
0 0.226074 0.871745 0.096680 0.123698
0 0.252930 0.666016 0.076172 0.110677
6 0.337402 0.429688 0.084961 0.153646
6 0.118652 0.453776 0.069336 0.102865
0 0.186035 0.577474 0.075195 0.165365
0 0.096680 0.733073 0.083984 0.114583
0 0.024414 0.815755 0.048828 0.131510
0 0.088867 0.831380 0.068359 0.110677
0 0.075684 0.942708 0.057617 0.114583
6 0.147461 0.933594 0.060547 0.122396
0 0.392578 0.938151 0.074219 0.123698
6 0.300293 0.763021 0.108398 0.088542
0 0.313477 0.847005 0.072266 0.134115
0 0.403809 0.809245 0.102539 0.108073
0 0.494629 0.789062 0.071289 0.135417
6 0.702148 0.683594 0.087891 0.085938
0 0.643555 0.399089 0.093750 0.141927
0 0.619629 0.167318 0.110352 0.154948
6 0.527832 0.307292 0.137695 0.161458
0 0.630371 0.847005 0.084961 0.100260
0 0.569824 0.848958 0.069336 0.109375
0 0.742188 0.956380 0.101562 0.087240
0 0.832520 0.946615 0.147461 0.104167
0 0.934082 0.244792 0.129883 0.197917
0 0.882812 0.432292 0.103516 0.117188
6 0.843262 0.537109 0.086914 0.170573
6 0.673828 0.280599 0.111328 0.134115
0 0.109375 0.065104 0.117188 0.130208
0 0.057617 0.173177 0.115234 0.127604
0 0.459961 0.072917 0.091797 0.135417
0 0.795898 0.063151 0.140625 0.110677
0 0.422363 0.512370 0.077148 0.113281
6 0.491699 0.545573 0.059570 0.083333
6 0.303711 0.654948 0.082031 0.106771
6 0.838867 0.287760 0.082031 0.065104
6 0.603516 0.542318 0.089844 0.207031
0 0.915039 0.729818 0.111328 0.160156
0 0.598633 0.941406 0.148438 0.111979
0 0.374512 0.317057 0.155273 0.214844
0 0.720703 0.383464 0.074219 0.121094
0 0.383301 0.073568 0.106445 0.118490
