4 0.508301 0.134115 0.151367 0.184896
0 0.658203 0.343750 0.132812 0.151042
4 0.355469 0.397135 0.199219 0.145833
4 0.770996 0.536458 0.151367 0.184896
4 0.470215 0.553385 0.127930 0.200521
4 0.219238 0.686198 0.147461 0.234375
4 0.344727 0.709635 0.128906 0.231771
0 0.942871 0.078125 0.114258 0.151042
0 0.788574 0.115885 0.094727 0.151042
9 0.895508 0.117188 0.087891 0.151042
4 0.088379 0.805339 0.114258 0.186198
9 0.696777 0.223958 0.127930 0.151042
9 0.561523 0.377604 0.173828 0.286458
9 0.692871 0.076823 0.131836 0.106771
