2 0.246094 0.197266 0.134766 0.126302
1 0.630859 0.205078 0.105469 0.115885
1 0.738281 0.335938 0.105469 0.114583
1 0.904785 0.537109 0.104492 0.082031
2 0.298828 0.696615 0.095703 0.164062
1 0.210938 0.085286 0.105469 0.115885
2 0.495605 0.861328 0.061523 0.115885
1 0.761230 0.942057 0.102539 0.113281
1 0.744141 0.110026 0.105469 0.115885
1 0.353027 0.031901 0.102539 0.063802
1 0.824219 0.044271 0.130859 0.088542
2 0.316406 0.458984 0.144531 0.134115
1 0.480469 0.365885 0.109375 0.138021
1 0.538086 0.464193 0.121094 0.095052
2 0.634766 0.499349 0.121094 0.110677
2 0.949219 0.059245 0.101562 0.118490
2 0.189941 0.821615 0.108398 0.106771
1 0.138184 0.759766 0.061523 0.087240
1 0.353027 0.966146 0.069336 0.067708
1 0.406738 0.741536 0.125977 0.102865
2 0.422363 0.628906 0.098633 0.111979
1 0.487305 0.626302 0.064453 0.096354
1 0.516113 0.729167 0.098633 0.125000
1 0.653320 0.647786 0.080078 0.100260
1 0.947754 0.176432 0.100586 0.069010
2 0.080566 0.367188 0.133789 0.088542
1 0.085449 0.300130 0.096680 0.076823
1 0.046875 0.878906 0.068359 0.151042
0 0.530762 0.177083 0.088867 0.104167
1 0.598633 0.746094 0.125000 0.104167
1 0.373535 0.879557 0.090820 0.110677
1 0.435547 0.839193 0.074219 0.092448
2 0.434082 0.949870 0.084961 0.097656
2 0.301758 0.824870 0.087891 0.118490
1 0.208984 0.970052 0.125000 0.059896
1 0.846191 0.321615 0.092773 0.143229
2 0.810059 0.559245 0.096680 0.100260
2 0.930664 0.458333 0.134766 0.101562
2 0.941406 0.368490 0.117188 0.106771
1 0.891113 0.432292 0.090820 0.065104
1 0.776855 0.445312 0.092773 0.083333
1 0.760742 0.514323 0.103516 0.088542
1 0.223633 0.421875 0.115234 0.138021
9 0.551270 0.071615 0.188477 0.132812
9 0.053711 0.111328 0.107422 0.097656
9 0.084961 0.518229 0.085938 0.114583
2 0.022461 0.518880 0.044922 0.141927
