0 0.847168 0.192057 0.131836 0.201823
0 0.578125 0.199870 0.123047 0.220052
0 0.723145 0.225911 0.112305 0.183594
1 0.203613 0.251302 0.108398 0.098958
0 0.408203 0.310547 0.146484 0.199219
1 0.243164 0.355469 0.142578 0.200521
0 0.873047 0.373047 0.105469 0.152344
0 0.172363 0.449870 0.102539 0.139323
0 0.516602 0.506510 0.164062 0.197917
0 0.343262 0.545573 0.102539 0.140625
0 0.094727 0.549479 0.109375 0.153646
0 0.574219 0.666016 0.144531 0.165365
1 0.702637 0.692708 0.106445 0.213542
0 0.418457 0.705078 0.141602 0.139323
1 0.417969 0.819010 0.109375 0.117188
0 0.589844 0.837891 0.171875 0.214844
1 0.716309 0.916667 0.135742 0.166667
0 0.592285 0.962240 0.131836 0.075521
0 0.957520 0.119792 0.084961 0.174479
