0 0.533691 0.244792 0.125977 0.166667
0 0.780273 0.285156 0.251953 0.203125
0 0.378906 0.449870 0.228516 0.199219
0 0.831543 0.513672 0.161133 0.222656
0 0.642578 0.539714 0.142578 0.149740
0 0.573730 0.123698 0.112305 0.179688
9 0.214355 0.606771 0.192383 0.135417
0 0.459473 0.092448 0.157227 0.179688
0 0.380859 0.716146 0.138672 0.203125
9 0.411621 0.880208 0.194336 0.239583
0 0.548340 0.708984 0.174805 0.196615
0 0.717285 0.720052 0.139648 0.195312
9 0.154297 0.876302 0.117188 0.122396
9 0.111816 0.232422 0.131836 0.464844
0 0.020020 0.054036 0.040039 0.108073
