0 0.929688 0.148438 0.128906 0.140625
0 0.341797 0.171875 0.111328 0.169271
0 0.635254 0.196615 0.122070 0.145833
0 0.844238 0.205729 0.120117 0.122396
0 0.380859 0.257812 0.132812 0.143229
0 0.891602 0.301432 0.148438 0.118490
5 0.241699 0.322917 0.147461 0.127604
0 0.042480 0.428385 0.075195 0.143229
0 0.834961 0.474609 0.156250 0.282552
6 0.373047 0.481120 0.113281 0.113281
0 0.208008 0.483073 0.123047 0.109375
5 0.503418 0.546224 0.161133 0.207031
0 0.640137 0.654297 0.088867 0.126302
0 0.061035 0.683594 0.116211 0.127604
0 0.706543 0.776042 0.106445 0.127604
0 0.467285 0.078125 0.106445 0.132812
0 0.375488 0.809896 0.114258 0.135417
0 0.039551 0.811849 0.075195 0.136719
0 0.293457 0.880859 0.122070 0.110677
0 0.114258 0.953125 0.076172 0.093750
6 0.453613 0.382161 0.131836 0.110677
0 0.073730 0.175130 0.147461 0.175781
0 0.049805 0.558594 0.099609 0.151042
0 0.086426 0.274740 0.172852 0.130208
0 0.437012 0.687500 0.139648 0.117188
6 0.541992 0.654297 0.105469 0.157552
0 0.646973 0.917318 0.124023 0.162760
0 0.720215 0.340495 0.163086 0.207031
1 0.180176 0.694010 0.122070 0.138021
0 0.201172 0.937500 0.101562 0.125000
0 0.590332 0.058594 0.129883 0.117188
0 0.474609 0.309245 0.105469 0.108073
5 0.409668 0.594401 0.135742 0.123698
0 0.317871 0.035156 0.088867 0.070312
6 0.846191 0.032552 0.086914 0.065104
