6 0.560059 0.137370 0.069336 0.149740
0 0.903320 0.149740 0.128906 0.140625
6 0.793945 0.171875 0.058594 0.117188
6 0.678711 0.173177 0.093750 0.117188
0 0.230469 0.196615 0.105469 0.234375
0 0.099609 0.201172 0.150391 0.175781
6 0.735840 0.205729 0.071289 0.117188
0 0.438477 0.222656 0.125000 0.119792
0 0.956543 0.250651 0.083008 0.134115
6 0.668457 0.271484 0.081055 0.113281
0 0.876465 0.305339 0.073242 0.115885
6 0.758789 0.318359 0.083984 0.105469
0 0.592773 0.348958 0.119141 0.179688
0 0.951660 0.368490 0.096680 0.075521
6 0.466797 0.381510 0.109375 0.114583
0 0.169434 0.393229 0.071289 0.104167
0 0.280762 0.434896 0.112305 0.098958
0 0.852539 0.455078 0.146484 0.152344
0 0.949219 0.457031 0.052734 0.106771
0 0.716309 0.472656 0.094727 0.177083
6 0.447754 0.525391 0.073242 0.123698
6 0.220215 0.540365 0.061523 0.091146
0 0.332520 0.554688 0.149414 0.143229
0 0.912598 0.580729 0.055664 0.140625
0 0.848145 0.596354 0.096680 0.143229
0 0.597656 0.630859 0.152344 0.188802
6 0.708496 0.635417 0.051758 0.096354
0 0.474121 0.651693 0.104492 0.162760
6 0.971680 0.679036 0.056641 0.134115
6 0.811035 0.070312 0.049805 0.075521
0 0.080566 0.703776 0.077148 0.123698
0 0.755371 0.726562 0.083008 0.067708
0 0.859375 0.739583 0.103516 0.125000
0 0.312012 0.771484 0.200195 0.290365
0 0.164062 0.788411 0.101562 0.149740
0 0.585449 0.796224 0.151367 0.201823
0 0.759766 0.820312 0.087891 0.158854
0 0.825684 0.861328 0.090820 0.126302
0 0.972168 0.874349 0.055664 0.149740
0 0.661133 0.932943 0.152344 0.131510
0 0.266602 0.960938 0.121094 0.078125
0 0.364746 0.100260 0.114258 0.109375
0 0.753418 0.101562 0.063477 0.109375
6 0.634766 0.106120 0.074219 0.095052
6 0.505371 0.109375 0.077148 0.125000
6 0.604980 0.161458 0.063477 0.096354
6 0.690430 0.052083 0.068359 0.104167
