0 0.488770 0.154948 0.088867 0.106771
0 0.582520 0.210286 0.098633 0.128906
0 0.864746 0.283854 0.094727 0.140625
0 0.562988 0.433594 0.094727 0.140625
0 0.896973 0.476562 0.094727 0.140625
0 0.473145 0.570312 0.094727 0.140625
0 0.386230 0.571615 0.094727 0.140625
0 0.653809 0.637370 0.094727 0.131510
0 0.762207 0.656250 0.094727 0.140625
1 0.563965 0.058594 0.124023 0.117188
0 0.194336 0.402995 0.091797 0.162760
2 0.637695 0.785807 0.150391 0.188802
0 0.503418 0.279297 0.106445 0.134115
0 0.049316 0.261068 0.098633 0.123698
0 0.099121 0.815104 0.165039 0.143229
0 0.686523 0.537109 0.085938 0.144531
0 0.161621 0.940104 0.122070 0.114583
0 0.416504 0.097656 0.110352 0.184896
0 0.922363 0.057292 0.125977 0.114583
0 0.086914 0.391276 0.146484 0.136719
9 0.751465 0.292969 0.110352 0.138021
0 0.772461 0.447917 0.103516 0.125000
0 0.310059 0.628906 0.096680 0.132812
0 0.966797 0.565755 0.066406 0.092448
0 0.467773 0.772135 0.132812 0.138021
0 0.337891 0.412109 0.085938 0.136719
