7 0.469727 0.354818 0.220703 0.368490
1 0.698730 0.401042 0.081055 0.114583
1 0.646973 0.464844 0.088867 0.117188
0 0.905762 0.513672 0.069336 0.134115
4 0.377930 0.630859 0.160156 0.167969
1 0.800293 0.744792 0.077148 0.093750
5 0.166016 0.832031 0.308594 0.312500
5 0.883789 0.875000 0.232422 0.213542
5 0.521973 0.917969 0.120117 0.164062
9 0.727539 0.713542 0.085938 0.101562
0 0.436035 0.043620 0.135742 0.087240
0 0.541504 0.072266 0.110352 0.134115
0 0.600586 0.132161 0.125000 0.160156
1 0.769531 0.091797 0.126953 0.113281
9 0.224121 0.420573 0.116211 0.119792
9 0.807617 0.598307 0.111328 0.212240
