0 0.619141 0.169922 0.089844 0.186198
1 0.203613 0.195312 0.096680 0.114583
0 0.882812 0.277995 0.103516 0.154948
0 0.447266 0.325521 0.142578 0.140625
0 0.950195 0.333333 0.089844 0.132812
0 0.304688 0.343750 0.115234 0.127604
5 0.590820 0.427734 0.107422 0.201823
0 0.703613 0.436198 0.118164 0.145833
0 0.096680 0.454427 0.191406 0.213542
0 0.427734 0.473958 0.119141 0.138021
0 0.293457 0.475260 0.141602 0.140625
0 0.560547 0.059896 0.085938 0.091146
0 0.414551 0.607422 0.096680 0.126302
0 0.315918 0.611979 0.092773 0.130208
5 0.694336 0.613281 0.193359 0.145833
0 0.176270 0.624349 0.102539 0.147135
0 0.858398 0.655599 0.150391 0.222656
0 0.158203 0.741536 0.113281 0.095052
0 0.333008 0.759115 0.080078 0.151042
5 0.492676 0.800130 0.180664 0.154948
4 0.729980 0.807943 0.096680 0.152344
0 0.186035 0.871094 0.118164 0.158854
0 0.394531 0.886068 0.093750 0.113281
5 0.627441 0.906250 0.114258 0.179688
0 0.479004 0.962240 0.106445 0.075521
0 0.102539 0.117839 0.074219 0.139323
6 0.054199 0.309896 0.083008 0.119792
6 0.240723 0.275391 0.084961 0.076823
0 0.635254 0.748047 0.104492 0.136719
9 0.426758 0.093099 0.148438 0.180990
0 0.029297 0.196615 0.058594 0.169271
0 0.062012 0.853516 0.116211 0.191406
9 0.307617 0.930339 0.089844 0.139323
0 0.158203 0.968099 0.099609 0.063802
