0 0.267090 0.078125 0.151367 0.143229
0 0.723633 0.197266 0.109375 0.139323
9 0.085449 0.245443 0.120117 0.131510
0 0.495117 0.272135 0.095703 0.114583
0 0.610840 0.319010 0.114258 0.111979
0 0.151855 0.321615 0.124023 0.153646
0 0.755859 0.354818 0.146484 0.175781
0 0.340332 0.360677 0.137695 0.184896
0 0.235840 0.373698 0.084961 0.164062
0 0.580078 0.381510 0.132812 0.085938
0 0.793945 0.504557 0.085938 0.121094
0 0.736816 0.551432 0.081055 0.126302
0 0.563965 0.563802 0.120117 0.122396
0 0.313477 0.623047 0.140625 0.287760
0 0.595215 0.634115 0.086914 0.109375
0 0.735352 0.694661 0.138672 0.136719
0 0.472168 0.715495 0.125977 0.199219
0 0.590820 0.839193 0.148438 0.141927
0 0.625000 0.126953 0.138672 0.201823
0 0.037109 0.082682 0.074219 0.165365
9 0.782227 0.097005 0.091797 0.136719
9 0.107910 0.039714 0.118164 0.079427
0 0.440918 0.080078 0.157227 0.160156
9 0.561035 0.470052 0.202148 0.122396
9 0.319336 0.208333 0.117188 0.085938
