0 0.736328 0.182943 0.146484 0.110677
0 0.553711 0.196615 0.099609 0.158854
0 0.348145 0.208333 0.118164 0.182292
5 0.918945 0.216797 0.162109 0.180990
0 0.448242 0.236979 0.091797 0.174479
0 0.625000 0.251302 0.109375 0.130208
0 0.282227 0.268880 0.121094 0.141927
1 0.910645 0.335286 0.100586 0.084635
0 0.800781 0.352214 0.113281 0.191406
0 0.656250 0.360026 0.146484 0.105469
1 0.161621 0.376302 0.090820 0.148438
1 0.547852 0.422526 0.097656 0.144531
0 0.463379 0.423828 0.110352 0.154948
1 0.204102 0.500000 0.210938 0.125000
1 0.659180 0.510417 0.105469 0.161458
5 0.708496 0.682943 0.112305 0.154948
5 0.517578 0.773438 0.136719 0.281250
1 0.179688 0.754557 0.113281 0.220052
5 0.637207 0.833984 0.141602 0.326823
0 0.319824 0.858724 0.165039 0.259115
1 0.777832 0.928385 0.127930 0.143229
0 0.748535 0.105469 0.135742 0.153646
0 0.202148 0.109375 0.154297 0.135417
0 0.444824 0.078776 0.108398 0.136719
5 0.556152 0.667318 0.194336 0.246094
