0 0.519531 0.145182 0.117188 0.147135
0 0.608887 0.271484 0.100586 0.118490
0 0.317383 0.287109 0.187500 0.105469
5 0.737793 0.316406 0.114258 0.247396
0 0.485352 0.388672 0.132812 0.139323
0 0.343262 0.420573 0.129883 0.164062
0 0.210449 0.431641 0.125977 0.217448
0 0.784180 0.536458 0.083984 0.156250
0 0.567871 0.910156 0.114258 0.166667
0 0.710938 0.919271 0.154297 0.161458
0 0.455566 0.951823 0.127930 0.096354
1 0.200684 0.125000 0.133789 0.164062
0 0.493164 0.524740 0.138672 0.140625
0 0.471680 0.662760 0.134766 0.177083
0 0.609375 0.677734 0.107422 0.162760
0 0.604004 0.514974 0.112305 0.144531
0 0.400391 0.765625 0.099609 0.158854
0 0.703125 0.574870 0.080078 0.157552
0 0.651367 0.569010 0.066406 0.132812
0 0.679199 0.391276 0.120117 0.139323
1 0.834961 0.400391 0.115234 0.100260
