1 0.229980 0.235026 0.094727 0.128906
1 0.080566 0.253906 0.133789 0.130208
1 0.913086 0.612630 0.113281 0.175781
0 0.682617 0.622396 0.125000 0.125000
0 0.800293 0.628906 0.106445 0.164062
0 0.245605 0.752604 0.131836 0.156250
0 0.370117 0.757161 0.099609 0.165365
0 0.942871 0.776042 0.081055 0.151042
0 0.853027 0.807943 0.090820 0.126302
1 0.720161 0.443145 0.116104 0.138893
1 0.372070 0.108073 0.136719 0.117188
0 0.687715 0.945169 0.141055 0.101276
1 0.554795 0.183737 0.129121 0.185182
1 0.745879 0.269674 0.112852 0.172161
1 0.521812 0.762878 0.094404 0.088255
0 0.973198 0.116751 0.053818 0.095482
9 0.564019 0.470488 0.118271 0.151914
9 0.391602 0.563659 0.166016 0.192422
9 0.161895 0.586224 0.093320 0.109948
9 0.157227 0.837819 0.136719 0.180846
9 0.054795 0.585501 0.109590 0.173607
9 0.276909 0.085794 0.147568 0.114297
9 0.374238 0.212819 0.082461 0.115742
9 0.364800 0.320749 0.098740 0.099831
