5 0.753906 0.143880 0.154297 0.238281
0 0.412598 0.167969 0.139648 0.179688
0 0.529785 0.270833 0.104492 0.130208
0 0.084961 0.311198 0.087891 0.161458
0 0.363770 0.524740 0.090820 0.190104
0 0.969727 0.555990 0.060547 0.132812
0 0.301758 0.610026 0.085938 0.162760
0 0.238281 0.617188 0.064453 0.164062
0 0.164062 0.705078 0.111328 0.126302
5 0.239746 0.819661 0.116211 0.167969
0 0.884766 0.824219 0.195312 0.153646
5 0.332520 0.857422 0.094727 0.264323
0 0.127930 0.117188 0.154297 0.156250
0 0.270996 0.125000 0.096680 0.098958
0 0.629395 0.149740 0.114258 0.223958
0 0.036133 0.508464 0.072266 0.204427
9 0.268066 0.367839 0.209961 0.131510
9 0.785645 0.342448 0.147461 0.130208
0 0.177246 0.020833 0.094727 0.041667
9 0.333984 0.050781 0.095703 0.098958
0 0.472168 0.968750 0.112305 0.062500
0 0.022461 0.264323 0.044922 0.111979
0 0.072754 0.065104 0.145508 0.130208
