1 0.157715 0.141927 0.096680 0.104167
1 0.791504 0.164062 0.088867 0.114583
1 0.683105 0.179036 0.081055 0.100260
1 0.525879 0.217448 0.118164 0.140625
1 0.620117 0.220703 0.095703 0.118490
1 0.435059 0.231120 0.077148 0.113281
1 0.270508 0.260417 0.080078 0.114583
1 0.740723 0.272786 0.104492 0.121094
1 0.226562 0.321615 0.066406 0.130208
1 0.450195 0.361979 0.095703 0.109375
1 0.128906 0.389323 0.085938 0.091146
1 0.039551 0.416667 0.067383 0.138021
1 0.643066 0.423177 0.096680 0.132812
1 0.763672 0.462240 0.132812 0.132812
1 0.589355 0.510417 0.079102 0.098958
1 0.423340 0.532552 0.094727 0.111979
1 0.040527 0.546224 0.079102 0.092448
1 0.753418 0.054688 0.079102 0.101562
1 0.490234 0.613932 0.095703 0.097656
1 0.072266 0.669922 0.070312 0.105469
1 0.536133 0.698568 0.091797 0.102865
1 0.129883 0.716146 0.054688 0.088542
1 0.851562 0.722005 0.091797 0.128906
1 0.303223 0.731771 0.073242 0.132812
1 0.722168 0.757161 0.079102 0.126302
1 0.399414 0.815104 0.099609 0.096354
1 0.502441 0.817057 0.077148 0.149740
1 0.889160 0.826172 0.079102 0.108073
1 0.827637 0.858073 0.083008 0.111979
1 0.305176 0.894531 0.098633 0.119792
1 0.801270 0.947917 0.116211 0.088542
