0 0.724121 0.177083 0.137695 0.166667
0 0.697754 0.259115 0.135742 0.138021
0 0.480957 0.263021 0.133789 0.135417
0 0.606934 0.359375 0.110352 0.166667
0 0.387695 0.420573 0.119141 0.192708
0 0.511230 0.442708 0.108398 0.122396
0 0.689453 0.454427 0.134766 0.156250
0 0.189941 0.569010 0.133789 0.156250
0 0.525391 0.581380 0.136719 0.147135
0 0.686523 0.615234 0.119141 0.141927
0 0.367676 0.645833 0.125977 0.130208
0 0.592285 0.729818 0.124023 0.136719
0 0.305176 0.767578 0.155273 0.134115
0 0.093750 0.817708 0.138672 0.195312
0 0.406250 0.896484 0.144531 0.162760
0 0.820312 0.109375 0.119141 0.164062
0 0.430664 0.082031 0.132812 0.164062
1 0.578125 0.820964 0.148438 0.126302
