1 0.754395 0.156250 0.081055 0.109375
1 0.292480 0.253906 0.043945 0.065104
1 0.882324 0.269531 0.094727 0.075521
1 0.079102 0.283203 0.072266 0.097656
1 0.348145 0.287760 0.084961 0.096354
1 0.617676 0.329427 0.073242 0.106771
1 0.293457 0.343099 0.065430 0.110677
1 0.712402 0.363281 0.073242 0.083333
1 0.931152 0.381510 0.059570 0.111979
1 0.104492 0.382161 0.087891 0.108073
1 0.368652 0.386719 0.086914 0.075521
1 0.797852 0.394531 0.083984 0.088542
1 0.031250 0.410156 0.048828 0.127604
1 0.871094 0.431641 0.066406 0.095052
1 0.543457 0.453125 0.112305 0.109375
1 0.234863 0.472005 0.100586 0.108073
1 0.764160 0.518229 0.084961 0.078125
1 0.075195 0.522135 0.085938 0.080729
1 0.152832 0.524740 0.073242 0.117188
1 0.968262 0.526042 0.063477 0.109375
1 0.335449 0.539062 0.086914 0.088542
1 0.561035 0.544271 0.088867 0.072917
1 0.227051 0.546875 0.073242 0.083333
1 0.661621 0.550781 0.059570 0.106771
1 0.832520 0.557292 0.088867 0.098958
1 0.903809 0.563802 0.059570 0.091146
1 0.474121 0.569010 0.063477 0.085938
1 0.172852 0.601562 0.066406 0.096354
1 0.098633 0.604167 0.089844 0.117188
1 0.395020 0.611328 0.073242 0.087240
1 0.975098 0.615885 0.049805 0.085938
1 0.241699 0.618490 0.075195 0.075521
1 0.480957 0.648438 0.061523 0.083333
1 0.332520 0.653646 0.086914 0.111979
1 0.601074 0.664062 0.090820 0.083333
1 0.719238 0.675781 0.112305 0.122396
1 0.894043 0.675781 0.059570 0.132812
1 0.409180 0.682943 0.097656 0.105469
1 0.795410 0.691406 0.069336 0.091146
1 0.096191 0.691406 0.083008 0.130208
1 0.164551 0.726562 0.065430 0.098958
1 0.632324 0.746094 0.059570 0.070312
1 0.464355 0.761068 0.088867 0.082031
1 0.333496 0.762370 0.092773 0.095052
1 0.907715 0.776042 0.094727 0.114583
1 0.713379 0.777344 0.106445 0.111979
1 0.810059 0.785156 0.086914 0.111979
1 0.548340 0.812500 0.083008 0.114583
1 0.417480 0.504557 0.118164 0.128906
1 0.060059 0.180990 0.120117 0.125000
1 0.161133 0.235677 0.099609 0.117188
1 0.572266 0.212240 0.146484 0.138021
1 0.741211 0.431641 0.072266 0.097656
1 0.833496 0.854167 0.122070 0.114583
1 0.962891 0.699870 0.074219 0.126302
1 0.272949 0.421224 0.096680 0.110677
1 0.058105 0.052083 0.116211 0.104167
1 0.243164 0.724609 0.103516 0.144531
9 0.833984 0.061849 0.164062 0.082031
