0 0.070312 0.141276 0.132812 0.201823
0 0.928711 0.218750 0.091797 0.114583
0 0.849121 0.223307 0.098633 0.123698
0 0.274414 0.262370 0.087891 0.131510
0 0.756348 0.311198 0.118164 0.109375
0 0.861816 0.312500 0.077148 0.119792
0 0.761719 0.395182 0.091797 0.118490
0 0.555176 0.402344 0.155273 0.132812
0 0.111816 0.415365 0.065430 0.122396
0 0.247559 0.425781 0.084961 0.122396
0 0.788574 0.490885 0.122070 0.111979
0 0.169434 0.506510 0.084961 0.104167
0 0.693848 0.619141 0.127930 0.100260
0 0.695801 0.694661 0.108398 0.089844
0 0.779297 0.719401 0.107422 0.082031
0 0.303711 0.790365 0.087891 0.130208
5 0.896973 0.794271 0.114258 0.161458
0 0.649414 0.798828 0.082031 0.110677
5 0.447266 0.809896 0.146484 0.127604
0 0.800293 0.813802 0.108398 0.122396
0 0.729980 0.857422 0.100586 0.089844
0 0.270996 0.923828 0.235352 0.152344
5 0.556641 0.914062 0.097656 0.156250
0 0.731934 0.923177 0.116211 0.072917
0 0.721191 0.972005 0.114258 0.055990
0 0.834961 0.977865 0.113281 0.044271
9 0.091309 0.565104 0.141602 0.122396
0 0.355469 0.031250 0.101562 0.062500
9 0.551758 0.026693 0.183594 0.053385
0 0.819824 0.052083 0.090820 0.104167
9 0.919434 0.412760 0.090820 0.148438
9 0.449219 0.679036 0.156250 0.175781
0 0.937012 0.031250 0.104492 0.062500
