1 0.130859 0.312500 0.142578 0.127604
2 0.627441 0.419271 0.137695 0.190104
1 0.457031 0.473307 0.121094 0.141927
0 0.192871 0.479818 0.094727 0.157552
2 0.590820 0.561849 0.113281 0.160156
1 0.096680 0.580078 0.136719 0.147135
2 0.287109 0.633464 0.140625 0.170573
0 0.472168 0.636068 0.131836 0.121094
2 0.215820 0.706380 0.158203 0.154948
2 0.654297 0.719401 0.138672 0.165365
2 0.546875 0.820312 0.074219 0.088542
0 0.146973 0.826823 0.090820 0.132812
0 0.240234 0.932292 0.167969 0.135417
4 0.121582 0.940104 0.096680 0.119792
1 0.523926 0.975911 0.090820 0.048177
2 0.037598 0.138672 0.075195 0.214844
2 0.041992 0.819661 0.083984 0.261719
9 0.795898 0.796224 0.177734 0.188802
9 0.432129 0.071615 0.157227 0.143229
1 0.255859 0.320312 0.095703 0.151042
9 0.353516 0.389323 0.117188 0.143229
9 0.155273 0.229167 0.099609 0.119792
0 0.038574 0.443359 0.077148 0.108073
9 0.029785 0.643229 0.059570 0.117188
