0 0.531250 0.204427 0.095703 0.119792
0 0.430176 0.211589 0.083008 0.160156
0 0.300781 0.232422 0.160156 0.121094
0 0.219238 0.311849 0.092773 0.089844
0 0.538574 0.394531 0.100586 0.085938
0 0.960449 0.398438 0.079102 0.119792
0 0.450195 0.407552 0.119141 0.098958
0 0.270508 0.418620 0.095703 0.157552
0 0.159668 0.444661 0.127930 0.154948
0 0.543457 0.471354 0.133789 0.101562
0 0.641113 0.473307 0.098633 0.126302
0 0.444824 0.489583 0.081055 0.085938
0 0.758301 0.496745 0.057617 0.134115
0 0.555176 0.560547 0.077148 0.097656
0 0.484375 0.565755 0.068359 0.102865
0 0.630371 0.574870 0.069336 0.105469
0 0.341797 0.590495 0.066406 0.115885
0 0.665527 0.595052 0.090820 0.093750
0 0.769531 0.595052 0.076172 0.114583
0 0.412598 0.611979 0.081055 0.104167
0 0.553711 0.641927 0.082031 0.130208
0 0.689453 0.665365 0.097656 0.117188
0 0.915527 0.675781 0.118164 0.164062
0 0.804199 0.687500 0.067383 0.127604
0 0.518555 0.735677 0.074219 0.117188
0 0.754883 0.738281 0.050781 0.143229
0 0.438477 0.752604 0.091797 0.101562
0 0.692871 0.764974 0.084961 0.162760
0 0.561523 0.770182 0.093750 0.136719
0 0.599121 0.808594 0.073242 0.138021
0 0.460449 0.842448 0.102539 0.119792
0 0.384277 0.091146 0.125977 0.119792
0 0.525391 0.906250 0.091797 0.109375
0 0.634766 0.919922 0.111328 0.089844
0 0.368164 0.934896 0.115234 0.125000
0 0.608398 0.121745 0.111328 0.105469
0 0.492188 0.064453 0.082031 0.128906
0 0.773926 0.039062 0.124023 0.075521
