0 0.658691 0.145182 0.129883 0.225260
0 0.335938 0.202474 0.089844 0.118490
6 0.213379 0.349609 0.114258 0.131510
0 0.555664 0.373698 0.066406 0.130208
0 0.790039 0.382161 0.083984 0.173177
0 0.488281 0.396484 0.068359 0.139323
0 0.873535 0.401693 0.079102 0.199219
6 0.343262 0.410807 0.114258 0.110677
0 0.604004 0.489583 0.092773 0.114583
0 0.220703 0.491536 0.115234 0.108073
0 0.347168 0.517578 0.086914 0.113281
0 0.887695 0.543620 0.085938 0.108073
0 0.807129 0.558594 0.079102 0.177083
0 0.525879 0.559896 0.077148 0.130208
0 0.109375 0.614583 0.087891 0.140625
0 0.217773 0.659505 0.080078 0.136719
6 0.553711 0.673177 0.070312 0.114583
0 0.917480 0.681641 0.071289 0.167969
0 0.487305 0.703776 0.074219 0.121094
6 0.571289 0.790365 0.072266 0.083333
0 0.711426 0.829427 0.079102 0.122396
6 0.496582 0.843750 0.073242 0.138021
0 0.081055 0.835286 0.128906 0.123698
0 0.783691 0.846354 0.073242 0.104167
0 0.204590 0.916667 0.100586 0.164062
0 0.294922 0.934896 0.078125 0.127604
0 0.816895 0.948568 0.077148 0.100260
6 0.758789 0.186198 0.080078 0.117188
6 0.577637 0.934245 0.061523 0.102865
0 0.724609 0.578125 0.076172 0.098958
0 0.944336 0.410156 0.068359 0.135417
0 0.984863 0.465495 0.030273 0.180990
0 0.868164 0.081380 0.095703 0.131510
0 0.973145 0.074219 0.053711 0.143229
0 0.893555 0.190104 0.087891 0.130208
0 0.952637 0.260417 0.094727 0.106771
0 0.286621 0.582682 0.102539 0.105469
0 0.057129 0.453776 0.100586 0.110677
6 0.694336 0.481771 0.064453 0.078125
6 0.621094 0.399089 0.050781 0.069010
0 0.438965 0.578776 0.100586 0.139323
0 0.380371 0.694010 0.094727 0.132812
0 0.631348 0.581380 0.098633 0.084635
0 0.642090 0.640625 0.086914 0.109375
9 0.756348 0.744141 0.106445 0.100260
0 0.856934 0.811849 0.094727 0.115885
0 0.895508 0.877604 0.103516 0.109375
0 0.969238 0.774740 0.061523 0.158854
9 0.214355 0.755859 0.096680 0.097656
9 0.324219 0.789062 0.126953 0.143229
0 0.040527 0.561849 0.081055 0.100260
9 0.773926 0.068359 0.077148 0.115885
9 0.445801 0.174479 0.118164 0.174479
9 0.530762 0.264323 0.096680 0.070312
0 0.444824 0.050781 0.141602 0.101562
9 0.091797 0.193359 0.181641 0.136719
0 0.658691 0.925130 0.090820 0.149740
0 0.742188 0.920573 0.072266 0.078125
0 0.377930 0.955078 0.117188 0.071615
9 0.839355 0.715495 0.112305 0.108073
