0 0.432129 0.158854 0.081055 0.166667
0 0.530762 0.366536 0.090820 0.147135
0 0.369141 0.400391 0.101562 0.134115
0 0.109863 0.406250 0.118164 0.122396
0 0.777344 0.418620 0.107422 0.157552
0 0.476562 0.458984 0.097656 0.201823
0 0.588867 0.500651 0.083984 0.149740
0 0.101562 0.608724 0.099609 0.162760
0 0.372559 0.667318 0.092773 0.165365
0 0.305176 0.845703 0.096680 0.217448
0 0.382324 0.942057 0.106445 0.113281
0 0.404785 0.288411 0.112305 0.162760
9 0.579102 0.063151 0.089844 0.126302
0 0.657227 0.969401 0.128906 0.061198
0 0.268555 0.046224 0.105469 0.092448
9 0.794922 0.962891 0.117188 0.074219
9 0.458496 0.938151 0.036133 0.123698
0 0.387207 0.815104 0.088867 0.119792
9 0.574219 0.821615 0.070312 0.356771
9 0.728516 0.805990 0.070312 0.138021
