1 0.165039 0.139323 0.095703 0.138021
1 0.780273 0.145833 0.066406 0.138021
1 0.628418 0.163411 0.114258 0.154948
1 0.711914 0.166667 0.095703 0.143229
1 0.090332 0.182943 0.100586 0.082031
1 0.245117 0.190104 0.087891 0.164062
1 0.956055 0.219401 0.068359 0.128906
1 0.854492 0.238932 0.099609 0.141927
1 0.182129 0.255208 0.124023 0.140625
1 0.080566 0.256510 0.118164 0.127604
1 0.535645 0.263672 0.084961 0.134115
1 0.344727 0.264974 0.072266 0.102865
1 0.413086 0.278646 0.074219 0.098958
1 0.615234 0.284505 0.121094 0.157552
1 0.718750 0.298177 0.123047 0.145833
1 0.619141 0.299479 0.101562 0.140625
1 0.245117 0.331380 0.123047 0.157552
1 0.333496 0.335286 0.086914 0.082031
1 0.428711 0.347005 0.101562 0.110677
1 0.138184 0.361328 0.081055 0.152344
1 0.971191 0.365234 0.057617 0.157552
1 0.524902 0.365885 0.094727 0.104167
1 0.834961 0.376302 0.126953 0.114583
1 0.594727 0.387370 0.083984 0.095052
1 0.677734 0.437500 0.095703 0.148438
1 0.795410 0.442057 0.096680 0.147135
1 0.261230 0.442708 0.081055 0.101562
1 0.938477 0.445964 0.103516 0.212240
1 0.416992 0.450521 0.082031 0.117188
1 0.477539 0.456380 0.080078 0.115885
1 0.340332 0.465495 0.069336 0.079427
1 0.101562 0.475260 0.160156 0.140625
1 0.856445 0.479167 0.050781 0.111979
1 0.125488 0.050781 0.102539 0.088542
1 0.319336 0.051432 0.068359 0.092448
1 0.557617 0.511068 0.093750 0.126302
1 0.302246 0.513021 0.063477 0.111979
1 0.229980 0.523438 0.131836 0.166667
1 0.622070 0.532552 0.103516 0.106771
1 0.722656 0.540365 0.128906 0.184896
1 0.345215 0.552083 0.069336 0.083333
1 0.914062 0.559245 0.082031 0.147135
1 0.413086 0.593099 0.117188 0.162760
1 0.834473 0.604818 0.120117 0.126302
1 0.145020 0.604818 0.084961 0.167969
1 0.589844 0.616536 0.125000 0.149740
1 0.228516 0.634115 0.107422 0.132812
1 0.328613 0.640625 0.104492 0.148438
1 0.970703 0.643880 0.058594 0.199219
1 0.206543 0.069661 0.088867 0.121094
1 0.542480 0.699870 0.147461 0.113281
1 0.721191 0.703776 0.129883 0.170573
1 0.109375 0.705729 0.101562 0.153646
1 0.918457 0.072266 0.086914 0.095052
1 0.453125 0.722656 0.109375 0.171875
1 0.204590 0.739583 0.125977 0.164062
1 0.807617 0.742188 0.148438 0.145833
1 0.313477 0.770833 0.099609 0.148438
1 0.933105 0.776693 0.133789 0.149740
1 0.394043 0.781901 0.135742 0.141927
1 0.627930 0.792969 0.136719 0.127604
1 0.719727 0.844401 0.148438 0.136719
1 0.150391 0.848958 0.167969 0.184896
1 0.311035 0.881510 0.166992 0.114583
1 0.274414 0.089844 0.072266 0.106771
1 0.962891 0.904297 0.074219 0.173177
1 0.430176 0.932943 0.098633 0.084635
1 0.714355 0.934896 0.135742 0.130208
1 0.166504 0.940104 0.231445 0.119792
1 0.451172 0.964193 0.205078 0.071615
1 0.855469 0.100260 0.115234 0.140625
1 0.385742 0.122396 0.099609 0.114583
1 0.511230 0.123698 0.182617 0.130208
