0 0.182617 0.148438 0.117188 0.174479
0 0.914551 0.179688 0.127930 0.205729
0 0.492188 0.238281 0.111328 0.166667
0 0.682129 0.302083 0.127930 0.205729
0 0.481934 0.393229 0.161133 0.143229
0 0.769043 0.474609 0.153320 0.162760
0 0.273926 0.529297 0.108398 0.152344
0 0.411621 0.583333 0.127930 0.205729
0 0.180176 0.659505 0.139648 0.154948
0 0.561035 0.705078 0.153320 0.162760
0 0.353516 0.742188 0.126953 0.169271
0 0.700195 0.800130 0.117188 0.118490
0 0.579590 0.901693 0.153320 0.162760
2 0.215332 0.946615 0.139648 0.096354
9 0.205566 0.367839 0.182617 0.152344
