0 0.451172 0.352214 0.156250 0.121094
0 0.827637 0.426432 0.084961 0.108073
0 0.600098 0.442708 0.120117 0.200521
0 0.923828 0.474609 0.144531 0.162760
0 0.487793 0.497396 0.110352 0.104167
0 0.747559 0.570964 0.094727 0.113281
0 0.227539 0.637370 0.154297 0.149740
0 0.356445 0.649740 0.125000 0.145833
0 0.502441 0.649740 0.098633 0.096354
0 0.941406 0.838542 0.074219 0.080729
4 0.307129 0.940104 0.096680 0.111979
0 0.342285 0.129557 0.186523 0.134115
9 0.563965 0.186849 0.133789 0.089844
0 0.050293 0.308594 0.100586 0.114583
6 0.082031 0.069010 0.085938 0.117188
0 0.028809 0.076172 0.057617 0.152344
0 0.269531 0.026693 0.144531 0.053385
9 0.364746 0.260417 0.145508 0.119792
6 0.614258 0.710938 0.062500 0.070312
6 0.463379 0.768880 0.075195 0.087240
6 0.089844 0.621745 0.076172 0.074219
6 0.649902 0.631510 0.061523 0.091146
6 0.695312 0.643880 0.042969 0.108073
6 0.742676 0.662109 0.063477 0.102865
6 0.732422 0.764974 0.066406 0.100260
6 0.683105 0.713542 0.065430 0.088542
6 0.916016 0.761068 0.058594 0.082031
9 0.325195 0.757812 0.156250 0.083333
1 0.896973 0.302734 0.088867 0.095052
0 0.813477 0.625000 0.097656 0.114583
0 0.814453 0.288411 0.105469 0.128906
0 0.979980 0.597005 0.040039 0.108073
9 0.395508 0.891927 0.146484 0.125000
9 0.820312 0.744141 0.097656 0.100260
9 0.840820 0.698568 0.117188 0.063802
4 0.963867 0.742188 0.072266 0.127604
9 0.240234 0.417969 0.269531 0.164062
9 0.845703 0.916667 0.083984 0.166667
9 0.722168 0.237630 0.084961 0.141927
0 0.032715 0.842448 0.065430 0.111979
0 0.028320 0.930339 0.056641 0.097656
0 0.096680 0.975911 0.103516 0.048177
0 0.231445 0.968099 0.095703 0.063802
0 0.166504 0.889974 0.098633 0.069010
0 0.123535 0.936849 0.084961 0.082031
0 0.419434 0.577474 0.094727 0.121094
