6 0.213867 0.193359 0.113281 0.102865
0 0.831055 0.298177 0.113281 0.174479
6 0.200684 0.307943 0.118164 0.113281
6 0.608398 0.369141 0.066406 0.141927
0 0.334473 0.384115 0.104492 0.117188
6 0.521484 0.400391 0.087891 0.123698
6 0.176758 0.404297 0.111328 0.108073
0 0.782227 0.501302 0.103516 0.127604
6 0.513184 0.507161 0.088867 0.102865
0 0.370605 0.550781 0.110352 0.085938
0 0.493652 0.610677 0.081055 0.091146
0 0.330078 0.638672 0.089844 0.139323
0 0.377441 0.705078 0.092773 0.102865
0 0.777832 0.706380 0.110352 0.139323
0 0.530273 0.723307 0.105469 0.123698
0 0.130859 0.770182 0.064453 0.139323
0 0.592773 0.822917 0.142578 0.130208
0 0.167480 0.843750 0.100586 0.140625
6 0.743164 0.125651 0.171875 0.113281
6 0.227051 0.076172 0.137695 0.126302
0 0.436523 0.453125 0.103516 0.088542
