5 0.196777 0.130859 0.188477 0.188802
0 0.685059 0.184245 0.083008 0.144531
0 0.333496 0.195312 0.100586 0.127604
0 0.587891 0.217448 0.115234 0.161458
0 0.464355 0.222656 0.116211 0.145833
0 0.101074 0.309245 0.108398 0.149740
0 0.735840 0.309896 0.131836 0.119792
0 0.498535 0.450521 0.104492 0.179688
0 0.232910 0.451823 0.114258 0.117188
0 0.633789 0.477865 0.162109 0.187500
0 0.216309 0.601562 0.125977 0.156250
0 0.486816 0.071615 0.088867 0.117188
0 0.832520 0.123698 0.127930 0.138021
1 0.387695 0.263672 0.037109 0.061198
