0 0.507324 0.194010 0.086914 0.117188
0 0.370117 0.212891 0.166016 0.139323
0 0.521484 0.342448 0.113281 0.117188
0 0.368164 0.358073 0.148438 0.127604
0 0.463867 0.455729 0.113281 0.138021
0 0.760254 0.479818 0.090820 0.188802
0 0.847656 0.595052 0.113281 0.138021
0 0.684082 0.687500 0.096680 0.109375
0 0.079590 0.766927 0.124023 0.179688
0 0.464844 0.779297 0.093750 0.126302
0 0.618652 0.812500 0.106445 0.156250
0 0.416016 0.876953 0.093750 0.126302
0 0.553223 0.890625 0.108398 0.151042
0 0.678223 0.479167 0.090820 0.135417
0 0.645996 0.520833 0.102539 0.106771
0 0.629395 0.576823 0.120117 0.093750
0 0.591309 0.648438 0.102539 0.125000
0 0.566895 0.702474 0.102539 0.100260
0 0.515625 0.742839 0.095703 0.134115
0 0.462402 0.949219 0.071289 0.101562
0 0.421387 0.052083 0.118164 0.104167
0 0.946289 0.054688 0.107422 0.101562
0 0.035156 0.440755 0.070312 0.178385
