0 0.612793 0.184896 0.127930 0.192708
1 0.925293 0.194010 0.149414 0.195312
1 0.175293 0.220052 0.137695 0.158854
0 0.470703 0.223958 0.162109 0.192708
0 0.312988 0.230469 0.141602 0.153646
1 0.772949 0.236979 0.108398 0.119792
1 0.698242 0.254557 0.089844 0.139323
1 0.530762 0.300781 0.116211 0.106771
1 0.267578 0.472005 0.119141 0.121094
9 0.366211 0.530599 0.031250 0.035156
1 0.129395 0.638672 0.155273 0.108073
1 0.367676 0.723307 0.112305 0.108073
1 0.149902 0.744792 0.112305 0.098958
1 0.262695 0.745443 0.132812 0.165365
0 0.349121 0.082031 0.186523 0.156250
1 0.195801 0.848307 0.096680 0.108073
9 0.735840 0.541667 0.166992 0.169271
9 0.516113 0.514323 0.237305 0.171875
9 0.201660 0.378255 0.184570 0.100260
9 0.377441 0.332031 0.141602 0.096354
9 0.048828 0.528646 0.097656 0.156250
9 0.042969 0.400391 0.085938 0.115885
9 0.753418 0.155599 0.102539 0.105469
0 0.037598 0.896484 0.075195 0.180990
