0 0.207520 0.204427 0.092773 0.151042
0 0.383789 0.195312 0.093750 0.132812
0 0.492188 0.218099 0.097656 0.121094
0 0.960449 0.443359 0.071289 0.248698
0 0.213379 0.445312 0.077148 0.125000
0 0.437500 0.490885 0.095703 0.153646
0 0.174805 0.575521 0.091797 0.098958
0 0.110352 0.061849 0.119141 0.118490
0 0.308594 0.661458 0.095703 0.096354
0 0.407715 0.673828 0.112305 0.110677
0 0.095703 0.732422 0.158203 0.199219
0 0.334961 0.776693 0.119141 0.076823
0 0.875000 0.832682 0.111328 0.180990
0 0.271973 0.085938 0.077148 0.127604
0 0.375000 0.902995 0.097656 0.149740
0 0.100586 0.184245 0.109375 0.115885
0 0.041016 0.429688 0.082031 0.184896
0 0.020020 0.117839 0.040039 0.134115
6 0.546875 0.363932 0.093750 0.162760
6 0.634277 0.376302 0.094727 0.177083
0 0.308594 0.371745 0.087891 0.126302
0 0.395020 0.344401 0.108398 0.118490
0 0.339355 0.255208 0.100586 0.104167
0 0.284180 0.527344 0.099609 0.127604
0 0.479004 0.954427 0.118164 0.091146
0 0.189453 0.972656 0.142578 0.054688
6 0.533691 0.551432 0.077148 0.115885
6 0.566895 0.581380 0.079102 0.113281
0 0.540039 0.709635 0.097656 0.119792
5 0.556641 0.878255 0.076172 0.162760
6 0.636719 0.552083 0.066406 0.096354
6 0.555664 0.144531 0.082031 0.151042
6 0.634766 0.645182 0.085938 0.089844
0 0.636230 0.731771 0.102539 0.098958
0 0.635254 0.807943 0.081055 0.102865
0 0.640137 0.919922 0.100586 0.102865
0 0.754883 0.883464 0.091797 0.105469
0 0.756348 0.740234 0.092773 0.134115
6 0.697754 0.633464 0.081055 0.113281
6 0.755371 0.577474 0.086914 0.149740
6 0.698730 0.490234 0.106445 0.154948
0 0.709961 0.198568 0.080078 0.141927
0 0.763672 0.200521 0.082031 0.148438
0 0.819336 0.179036 0.083984 0.118490
0 0.880371 0.220703 0.100586 0.097656
0 0.848145 0.445312 0.086914 0.104167
0 0.795410 0.354818 0.102539 0.180990
0 0.965820 0.250651 0.068359 0.167969
0 0.916016 0.059896 0.082031 0.119792
0 0.837891 0.051432 0.089844 0.102865
0 0.729980 0.059896 0.086914 0.119792
0 0.592773 0.047526 0.115234 0.095052
0 0.678223 0.127604 0.047852 0.166667
6 0.617188 0.179688 0.099609 0.127604
