0 0.929199 0.139974 0.141602 0.076823
0 0.737305 0.153646 0.148438 0.109375
0 0.768555 0.251302 0.117188 0.088542
0 0.446777 0.333984 0.084961 0.128906
0 0.618652 0.345052 0.153320 0.223958
0 0.749023 0.368490 0.132812 0.195312
1 0.884277 0.378906 0.088867 0.104167
0 0.318848 0.381510 0.104492 0.195312
0 0.400879 0.399740 0.102539 0.138021
0 0.210449 0.464193 0.125977 0.162760
0 0.545898 0.587240 0.126953 0.260417
0 0.788086 0.606771 0.130859 0.299479
0 0.661621 0.623698 0.112305 0.302083
0 0.916992 0.070964 0.148438 0.079427
5 0.605469 0.922526 0.179688 0.144531
9 0.446289 0.757812 0.146484 0.119792
