2 0.487793 0.158854 0.174805 0.098958
1 0.083008 0.176432 0.121094 0.147135
2 0.614746 0.204427 0.139648 0.106771
1 0.256348 0.264323 0.145508 0.179688
2 0.118652 0.296875 0.147461 0.166667
2 0.500488 0.374349 0.143555 0.134115
2 0.175293 0.486328 0.118164 0.136719
0 0.288086 0.596354 0.119141 0.229167
2 0.670410 0.755208 0.165039 0.177083
2 0.502441 0.766276 0.159180 0.162760
2 0.783691 0.912109 0.159180 0.173177
2 0.394043 0.924479 0.145508 0.135417
2 0.590820 0.925130 0.160156 0.144531
2 0.490723 0.054688 0.143555 0.109375
2 0.691406 0.050130 0.183594 0.100260
9 0.257812 0.930339 0.152344 0.139323
9 0.729004 0.555990 0.208008 0.156250
9 0.881348 0.574870 0.233398 0.149740
9 0.884277 0.459635 0.231445 0.130208
