0 0.715820 0.137370 0.109375 0.113281
0 0.949219 0.154297 0.101562 0.131510
0 0.806152 0.208984 0.104492 0.144531
0 0.378906 0.230469 0.072266 0.169271
0 0.467773 0.233073 0.070312 0.145833
0 0.522461 0.261068 0.119141 0.144531
0 0.615234 0.263672 0.121094 0.113281
5 0.289062 0.294922 0.146484 0.188802
0 0.681641 0.319661 0.089844 0.110677
0 0.904297 0.320964 0.107422 0.165365
0 0.567871 0.346354 0.110352 0.119792
5 0.215332 0.351562 0.114258 0.190104
0 0.429688 0.373047 0.083984 0.100260
0 0.963867 0.377604 0.072266 0.158854
0 0.130371 0.384115 0.106445 0.145833
0 0.379883 0.401042 0.072266 0.148438
0 0.289062 0.423177 0.078125 0.125000
0 0.620605 0.439453 0.120117 0.118490
0 0.508789 0.507812 0.117188 0.117188
0 0.753418 0.618490 0.118164 0.135417
0 0.373047 0.641927 0.128906 0.119792
0 0.209473 0.668620 0.141602 0.178385
0 0.881836 0.698568 0.228516 0.233073
0 0.295410 0.748047 0.120117 0.115885
5 0.244141 0.087891 0.169922 0.157552
0 0.171875 0.909505 0.177734 0.180990
5 0.234375 0.211589 0.261719 0.285156
0 0.474121 0.051432 0.106445 0.102865
0 0.664551 0.053385 0.151367 0.098958
