0 0.509277 0.151042 0.083008 0.119792
0 0.729492 0.187500 0.099609 0.122396
0 0.041504 0.200521 0.073242 0.125000
0 0.132324 0.208333 0.106445 0.109375
0 0.512207 0.260417 0.100586 0.125000
0 0.685059 0.359375 0.102539 0.114583
0 0.965332 0.372396 0.069336 0.151042
0 0.503418 0.398438 0.122070 0.114583
0 0.711426 0.580729 0.094727 0.164062
0 0.814941 0.598958 0.096680 0.151042
0 0.606445 0.607422 0.142578 0.113281
0 0.939941 0.618490 0.116211 0.122396
0 0.329590 0.661458 0.102539 0.098958
0 0.746582 0.718750 0.124023 0.156250
0 0.121582 0.807292 0.112305 0.104167
0 0.573730 0.940104 0.083008 0.119792
6 0.631348 0.832031 0.083008 0.078125
6 0.084961 0.329427 0.064453 0.106771
0 0.429199 0.054036 0.090820 0.100260
0 0.689941 0.956380 0.096680 0.087240
0 0.029785 0.541667 0.053711 0.135417
