1 0.417969 0.152344 0.101562 0.135417
4 0.336914 0.163411 0.091797 0.110677
1 0.961426 0.180990 0.077148 0.247396
1 0.250000 0.204427 0.119141 0.171875
2 0.459473 0.277344 0.120117 0.132812
1 0.270020 0.346354 0.139648 0.125000
1 0.965820 0.376302 0.068359 0.153646
1 0.522949 0.379557 0.125977 0.139323
2 0.808105 0.414062 0.165039 0.166667
2 0.652344 0.417318 0.152344 0.165365
1 0.172852 0.448568 0.132812 0.170573
1 0.471680 0.503255 0.101562 0.097656
1 0.474121 0.513021 0.110352 0.114583
1 0.379395 0.539062 0.092773 0.119792
1 0.213867 0.574870 0.066406 0.097656
2 0.730957 0.582031 0.104492 0.158854
2 0.316406 0.602214 0.138672 0.141927
2 0.871582 0.655599 0.166992 0.227865
2 0.575195 0.669271 0.156250 0.164062
1 0.452637 0.672526 0.118164 0.144531
2 0.195312 0.764323 0.097656 0.158854
2 0.099609 0.768880 0.078125 0.118490
1 0.593262 0.785156 0.098633 0.091146
1 0.687500 0.796875 0.128906 0.125000
2 0.292480 0.828776 0.122070 0.149740
2 0.480469 0.849609 0.130859 0.157552
1 0.823242 0.851562 0.140625 0.135417
1 0.952637 0.853516 0.084961 0.141927
1 0.577148 0.889323 0.119141 0.148438
2 0.393066 0.899089 0.114258 0.110677
2 0.465820 0.953776 0.115234 0.092448
2 0.769043 0.956380 0.180664 0.087240
2 0.538574 0.071615 0.172852 0.143229
2 0.328125 0.059245 0.121094 0.118490
1 0.041992 0.384766 0.083984 0.212240
2 0.028320 0.854167 0.056641 0.138021
1 0.499023 0.596354 0.083984 0.119792
1 0.076172 0.055990 0.146484 0.111979
