0 0.139648 0.130859 0.072266 0.139323
0 0.211426 0.195312 0.094727 0.164062
0 0.720703 0.233073 0.162109 0.252604
5 0.328125 0.259766 0.130859 0.170573
0 0.079590 0.261068 0.135742 0.162760
0 0.617188 0.270833 0.097656 0.187500
0 0.441406 0.299479 0.126953 0.130208
0 0.534180 0.324219 0.083984 0.114583
0 0.182129 0.374349 0.106445 0.126302
1 0.107910 0.405599 0.083008 0.108073
0 0.574219 0.460938 0.121094 0.190104
0 0.703125 0.472005 0.144531 0.191406
1 0.222168 0.502604 0.084961 0.151042
1 0.317871 0.503906 0.108398 0.164062
0 0.483887 0.506510 0.088867 0.158854
0 0.114746 0.569010 0.122070 0.156250
1 0.349609 0.586589 0.082031 0.136719
1 0.418945 0.611328 0.062500 0.126302
0 0.223145 0.617188 0.106445 0.140625
0 0.497070 0.628255 0.101562 0.126302
0 0.687012 0.630859 0.147461 0.144531
0 0.119141 0.663411 0.115234 0.144531
1 0.418945 0.717448 0.089844 0.093750
0 0.586914 0.732422 0.089844 0.147135
0 0.076172 0.769531 0.140625 0.164062
0 0.263184 0.775391 0.098633 0.121094
0 0.583496 0.080078 0.112305 0.152344
1 0.645996 0.799479 0.125977 0.138021
1 0.405762 0.807943 0.120117 0.141927
0 0.189941 0.825521 0.098633 0.145833
0 0.965332 0.875651 0.069336 0.204427
1 0.322754 0.884115 0.098633 0.169271
1 0.583008 0.908203 0.134766 0.095052
1 0.488770 0.920573 0.112305 0.140625
0 0.061035 0.095052 0.096680 0.166667
1 0.223633 0.955078 0.158203 0.089844
0 0.270508 0.098958 0.093750 0.135417
0 0.483887 0.118490 0.069336 0.166667
0 0.398926 0.092448 0.098633 0.184896
6 0.031250 0.453776 0.062500 0.144531
0 0.162598 0.026042 0.098633 0.052083
