0 0.550781 0.130208 0.109375 0.098958
0 0.278809 0.177734 0.114258 0.134115
0 0.627441 0.203776 0.155273 0.100260
0 0.427734 0.207682 0.089844 0.149740
7 0.085938 0.299479 0.160156 0.158854
0 0.323730 0.307292 0.092773 0.130208
0 0.426758 0.385417 0.083984 0.140625
0 0.213867 0.412109 0.109375 0.167969
0 0.630859 0.426432 0.138672 0.123698
0 0.333008 0.451823 0.097656 0.135417
0 0.730957 0.533203 0.102539 0.087240
0 0.595703 0.584635 0.134766 0.177083
0 0.763184 0.652995 0.088867 0.115885
0 0.150391 0.691406 0.113281 0.135417
0 0.566406 0.722005 0.101562 0.128906
0 0.719727 0.724609 0.078125 0.134115
0 0.266113 0.808594 0.102539 0.109375
0 0.163086 0.914714 0.099609 0.095052
0 0.199707 0.123698 0.096680 0.130208
0 0.720215 0.278646 0.118164 0.140625
0 0.311035 0.054036 0.108398 0.108073
0 0.358398 0.779948 0.078125 0.098958
0 0.377441 0.729167 0.077148 0.098958
0 0.474609 0.787109 0.064453 0.095052
0 0.547852 0.894531 0.072266 0.088542
0 0.588867 0.873698 0.076172 0.106771
0 0.778320 0.824219 0.078125 0.104167
1 0.830566 0.552734 0.071289 0.095052
1 0.747070 0.412109 0.076172 0.092448
0 0.835449 0.373698 0.084961 0.114583
5 0.920410 0.088542 0.159180 0.135417
9 0.083984 0.565104 0.167969 0.135417
9 0.057617 0.755208 0.115234 0.236979
