1 0.261719 0.141927 0.089844 0.078125
1 0.876953 0.147786 0.095703 0.154948
1 0.438477 0.167318 0.058594 0.076823
1 0.108398 0.177734 0.085938 0.126302
1 0.045410 0.177734 0.075195 0.147135
1 0.966309 0.193359 0.067383 0.102865
1 0.357422 0.197266 0.080078 0.123698
1 0.589355 0.210938 0.086914 0.111979
1 0.771973 0.218750 0.096680 0.091146
1 0.662598 0.238281 0.067383 0.117188
1 0.410156 0.243490 0.078125 0.098958
1 0.497070 0.258464 0.103516 0.128906
1 0.709473 0.295573 0.088867 0.122396
1 0.244629 0.298828 0.084961 0.175781
1 0.851074 0.302083 0.104492 0.127604
1 0.344727 0.303385 0.117188 0.091146
1 0.932129 0.339844 0.106445 0.156250
1 0.533203 0.349609 0.080078 0.105469
1 0.771973 0.362630 0.086914 0.089844
1 0.453125 0.366536 0.076172 0.108073
1 0.367676 0.370443 0.084961 0.108073
1 0.610840 0.373047 0.096680 0.121094
1 0.201172 0.427734 0.085938 0.110677
1 0.843262 0.445312 0.090820 0.132812
1 0.724121 0.447917 0.100586 0.101562
1 0.210449 0.045573 0.063477 0.088542
1 0.059570 0.480469 0.089844 0.104167
1 0.476562 0.489583 0.103516 0.122396
1 0.316406 0.503255 0.109375 0.147135
1 0.616211 0.507161 0.089844 0.139323
1 0.938965 0.509766 0.104492 0.136719
1 0.377930 0.516927 0.068359 0.111979
1 0.240234 0.520182 0.085938 0.134115
1 0.797363 0.535807 0.120117 0.071615
1 0.155273 0.550781 0.134766 0.125000
1 0.548828 0.587891 0.113281 0.126302
1 0.724121 0.598958 0.114258 0.119792
1 0.873535 0.603516 0.094727 0.131510
1 0.414551 0.609375 0.102539 0.169271
1 0.107422 0.641927 0.097656 0.117188
1 0.221191 0.660156 0.120117 0.138021
1 0.443359 0.067708 0.099609 0.132812
1 0.063477 0.070964 0.078125 0.115885
1 0.276855 0.727214 0.116211 0.157552
1 0.488281 0.737630 0.095703 0.152344
1 0.262207 0.074870 0.081055 0.084635
1 0.911621 0.783854 0.096680 0.140625
1 0.134277 0.804688 0.083008 0.111979
1 0.967285 0.085938 0.065430 0.161458
1 0.812012 0.087891 0.081055 0.123698
1 0.378906 0.880208 0.107422 0.156250
1 0.243164 0.882161 0.123047 0.157552
1 0.128418 0.886068 0.071289 0.102865
1 0.053223 0.902995 0.092773 0.157552
1 0.842285 0.907552 0.112305 0.138021
1 0.662109 0.093750 0.091797 0.101562
1 0.327148 0.097656 0.097656 0.101562
1 0.124023 0.977214 0.093750 0.045573
1 0.738770 0.104818 0.098633 0.141927
1 0.141113 0.126302 0.057617 0.122396
1 0.555664 0.127604 0.103516 0.083333
1 0.057617 0.735026 0.113281 0.084635
1 0.020508 0.804688 0.041016 0.114583
1 0.129395 0.407552 0.088867 0.093750
1 0.528320 0.041667 0.082031 0.083333
