0 0.616211 0.136719 0.095703 0.138021
3 0.276367 0.163411 0.125000 0.134115
0 0.430664 0.249349 0.105469 0.095052
0 0.514648 0.256510 0.072266 0.109375
0 0.851074 0.278646 0.106445 0.114583
0 0.592285 0.281250 0.098633 0.138021
0 0.328125 0.304036 0.091797 0.136719
0 0.693359 0.315104 0.091797 0.127604
0 0.235840 0.358724 0.135742 0.152344
0 0.445312 0.366536 0.128906 0.149740
0 0.921387 0.383464 0.141602 0.162760
0 0.735840 0.393229 0.092773 0.119792
0 0.541016 0.432292 0.072266 0.114583
0 0.404785 0.494792 0.112305 0.109375
0 0.613281 0.494792 0.085938 0.140625
0 0.508301 0.655599 0.141602 0.173177
0 0.361816 0.674479 0.155273 0.151042
3 0.756348 0.757812 0.129883 0.174479
0 0.318359 0.844401 0.109375 0.136719
0 0.507324 0.853516 0.137695 0.173177
3 0.110137 0.923757 0.144102 0.118346
0 0.968750 0.094401 0.062500 0.165365
0 0.628418 0.947917 0.133789 0.104167
0 0.523926 0.110026 0.112305 0.121094
0 0.772949 0.117839 0.077148 0.118490
0 0.905762 0.124349 0.112305 0.131510
0 0.404785 0.129557 0.120117 0.147135
