1 0.089844 0.150391 0.082031 0.084635
1 0.640625 0.152344 0.097656 0.093750
1 0.798828 0.170573 0.085938 0.117188
0 0.871094 0.177083 0.085938 0.085938
1 0.283203 0.179036 0.087891 0.100260
1 0.407227 0.187500 0.078125 0.104167
1 0.520996 0.191406 0.079102 0.114583
1 0.174316 0.201823 0.065430 0.104167
1 0.670410 0.216146 0.096680 0.101562
1 0.227539 0.216146 0.064453 0.091146
1 0.601074 0.227214 0.090820 0.102865
1 0.919922 0.240885 0.099609 0.083333
1 0.349121 0.250651 0.084961 0.100260
1 0.801270 0.250651 0.065430 0.079427
1 0.440918 0.256510 0.073242 0.088542
0 0.135254 0.261719 0.047852 0.080729
1 0.213867 0.281250 0.076172 0.104167
1 0.848145 0.297526 0.083008 0.092448
0 0.290527 0.304036 0.083008 0.121094
1 0.979492 0.307943 0.041016 0.118490
1 0.573242 0.315104 0.060547 0.088542
1 0.394043 0.336589 0.077148 0.113281
0 0.078125 0.341146 0.078125 0.114583
1 0.708496 0.349609 0.088867 0.110677
1 0.185547 0.352214 0.085938 0.089844
1 0.781738 0.352865 0.090820 0.109375
1 0.524902 0.373047 0.077148 0.084635
1 0.934082 0.375651 0.073242 0.113281
1 0.461914 0.378255 0.076172 0.087240
1 0.633789 0.382161 0.072266 0.084635
1 0.130371 0.395833 0.067383 0.109375
1 0.349609 0.398438 0.058594 0.101562
0 0.868652 0.404948 0.063477 0.093750
0 0.279785 0.409505 0.090820 0.084635
1 0.102539 0.044271 0.066406 0.085938
1 0.194336 0.431641 0.076172 0.084635
1 0.606445 0.449870 0.093750 0.097656
1 0.788574 0.458984 0.086914 0.110677
1 0.068359 0.461589 0.066406 0.074219
0 0.538574 0.462891 0.067383 0.102865
1 0.335449 0.486979 0.055664 0.078125
1 0.223633 0.496094 0.083984 0.078125
1 0.833496 0.497396 0.065430 0.104167
1 0.126953 0.503255 0.085938 0.074219
1 0.282227 0.508464 0.068359 0.100260
1 0.452637 0.509766 0.073242 0.121094
1 0.975098 0.511719 0.049805 0.109375
1 0.381836 0.514323 0.082031 0.104167
1 0.930176 0.531901 0.077148 0.089844
0 0.770020 0.557943 0.065430 0.110677
0 0.529297 0.564453 0.087891 0.144531
1 0.188477 0.569661 0.070312 0.084635
1 0.398438 0.576172 0.064453 0.097656
1 0.629883 0.576172 0.082031 0.131510
1 0.107422 0.579427 0.082031 0.091146
1 0.302246 0.590495 0.081055 0.110677
0 0.716797 0.592448 0.037109 0.101562
0 0.680176 0.622396 0.040039 0.088542
1 0.256836 0.625000 0.103516 0.130208
1 0.829590 0.626302 0.083008 0.109375
1 0.500000 0.652344 0.074219 0.101562
1 0.117188 0.654948 0.085938 0.085938
1 0.946289 0.658854 0.107422 0.088542
1 0.430664 0.663411 0.099609 0.100260
1 0.046387 0.668620 0.088867 0.113281
1 0.192871 0.674479 0.083008 0.130208
1 0.605469 0.681641 0.097656 0.097656
1 0.806152 0.724609 0.102539 0.123698
1 0.136230 0.731120 0.065430 0.095052
1 0.892578 0.731120 0.091797 0.087240
1 0.316406 0.736328 0.083984 0.105469
1 0.439941 0.750000 0.075195 0.096354
1 0.409180 0.075521 0.099609 0.104167
1 0.165527 0.076172 0.084961 0.079427
1 0.642578 0.758464 0.080078 0.108073
1 0.086426 0.762370 0.084961 0.105469
1 0.550781 0.765625 0.076172 0.098958
1 0.391113 0.786458 0.071289 0.088542
1 0.162109 0.805990 0.078125 0.101562
1 0.235840 0.824870 0.069336 0.100260
1 0.745117 0.827474 0.078125 0.105469
1 0.464844 0.832031 0.078125 0.111979
1 0.903320 0.083333 0.064453 0.098958
1 0.389160 0.852214 0.096680 0.087240
1 0.917969 0.855469 0.068359 0.104167
1 0.306641 0.857422 0.085938 0.134115
1 0.617676 0.856771 0.073242 0.114583
1 0.105957 0.871094 0.112305 0.111979
1 0.042480 0.885417 0.075195 0.117188
1 0.981934 0.893880 0.036133 0.134115
0 0.849609 0.914714 0.083984 0.095052
1 0.604980 0.934245 0.088867 0.087240
1 0.776367 0.943359 0.087891 0.113281
1 0.366211 0.951172 0.080078 0.092448
1 0.133789 0.954427 0.109375 0.091146
1 0.230957 0.958984 0.061523 0.082031
1 0.902344 0.961589 0.101562 0.076823
1 0.292969 0.967448 0.070312 0.065104
1 0.733887 0.972005 0.081055 0.055990
1 0.657227 0.973307 0.078125 0.053385
1 0.710449 0.108073 0.088867 0.125000
1 0.966797 0.111328 0.066406 0.160156
1 0.211914 0.112630 0.107422 0.087240
0 0.346191 0.119141 0.069336 0.100260
1 0.574707 0.123698 0.114258 0.122396
0 0.686035 0.859375 0.081055 0.130208
1 0.691895 0.033854 0.086914 0.065104
0 0.792480 0.053385 0.118164 0.085938
1 0.037109 0.559245 0.074219 0.082031
1 0.039062 0.185547 0.076172 0.076823
1 0.027344 0.026042 0.048828 0.052083
1 0.041504 0.091146 0.065430 0.101562
