0 0.809082 0.248698 0.124023 0.197917
0 0.925781 0.275391 0.107422 0.134115
0 0.706055 0.316406 0.089844 0.247396
0 0.573730 0.332682 0.186523 0.230469
0 0.314453 0.425130 0.152344 0.157552
0 0.436035 0.490885 0.106445 0.106771
0 0.588379 0.514323 0.131836 0.106771
0 0.238281 0.591146 0.089844 0.101562
0 0.432129 0.598307 0.125977 0.102865
0 0.208984 0.747396 0.083984 0.148438
6 0.677734 0.771484 0.113281 0.102865
0 0.075195 0.609375 0.107422 0.145833
0 0.034668 0.754557 0.069336 0.173177
0 0.569336 0.650391 0.187500 0.160156
0 0.273926 0.828125 0.096680 0.151042
0 0.359863 0.816406 0.088867 0.145833
0 0.312988 0.906901 0.102539 0.087240
0 0.402832 0.904948 0.077148 0.122396
0 0.890137 0.700521 0.133789 0.145833
0 0.940918 0.829427 0.118164 0.127604
9 0.687012 0.552734 0.090820 0.113281
9 0.527832 0.794922 0.231445 0.152344
9 0.582031 0.923177 0.103516 0.109375
0 0.054688 0.941406 0.109375 0.117188
9 0.134277 0.977214 0.079102 0.045573
9 0.349121 0.981771 0.166992 0.036458
0 0.777344 0.611328 0.105469 0.110677
0 0.743164 0.705078 0.113281 0.084635
0 0.776855 0.770833 0.090820 0.083333
0 0.938477 0.537109 0.123047 0.180990
9 0.869629 0.375651 0.133789 0.102865
9 0.702637 0.882161 0.122070 0.139323
0 0.809082 0.846354 0.088867 0.080729
0 0.119629 0.723307 0.096680 0.152344
0 0.158691 0.802734 0.106445 0.118490
0 0.163086 0.866536 0.119141 0.063802
9 0.099609 0.469401 0.199219 0.128906
9 0.274902 0.541016 0.147461 0.170573
9 0.916992 0.426432 0.115234 0.102865
