0 0.645508 0.275391 0.050781 0.066406
8 0.569824 0.277995 0.084961 0.095052
8 0.805664 0.296224 0.101562 0.110677
8 0.227539 0.301432 0.072266 0.105469
8 0.297363 0.309896 0.069336 0.101562
8 0.137695 0.317708 0.083984 0.101562
8 0.922363 0.325521 0.081055 0.096354
8 0.389648 0.328125 0.060547 0.096354
0 0.610352 0.335938 0.080078 0.119792
8 0.457031 0.343099 0.066406 0.074219
8 0.067871 0.379557 0.065430 0.066406
8 0.423340 0.386719 0.053711 0.049479
0 0.461426 0.397135 0.067383 0.062500
0 0.121094 0.433594 0.070312 0.119792
1 0.202637 0.447266 0.096680 0.113281
0 0.966797 0.469401 0.066406 0.178385
8 0.899902 0.479818 0.071289 0.136719
1 0.239746 0.501302 0.083008 0.098958
1 0.357422 0.525391 0.064453 0.141927
1 0.307129 0.531250 0.077148 0.138021
3 0.503418 0.545573 0.131836 0.158854
8 0.616699 0.576823 0.094727 0.091146
0 0.413574 0.595052 0.092773 0.062500
9 0.353516 0.611979 0.076172 0.062500
1 0.586426 0.661458 0.139648 0.161458
8 0.382324 0.798177 0.094727 0.067708
8 0.147949 0.852865 0.077148 0.130208
8 0.052734 0.085938 0.085938 0.101562
0 0.503418 0.858073 0.124023 0.187500
8 0.258301 0.708333 0.106445 0.078125
