0 0.570312 0.169271 0.156250 0.205729
0 0.883301 0.173177 0.098633 0.151042
0 0.326172 0.175781 0.117188 0.148438
0 0.068848 0.189453 0.083008 0.152344
0 0.153809 0.214193 0.090820 0.139323
0 0.791992 0.304688 0.119141 0.106771
0 0.249512 0.319010 0.125977 0.130208
9 0.078613 0.343750 0.090820 0.091146
0 0.415527 0.347656 0.116211 0.117188
0 0.736328 0.441406 0.123047 0.153646
0 0.939941 0.480469 0.118164 0.263021
0 0.556152 0.485026 0.112305 0.121094
0 0.167480 0.486328 0.120117 0.126302
0 0.072266 0.548177 0.115234 0.148438
0 0.463867 0.549479 0.113281 0.148438
0 0.183105 0.623047 0.096680 0.118490
0 0.282227 0.625000 0.089844 0.156250
0 0.378906 0.645182 0.109375 0.167969
0 0.584473 0.723958 0.155273 0.158854
0 0.957031 0.746094 0.085938 0.151042
0 0.846191 0.756510 0.163086 0.247396
0 0.423340 0.796224 0.129883 0.152344
0 0.634277 0.913411 0.108398 0.118490
0 0.521973 0.920573 0.084961 0.085938
0 0.976074 0.936849 0.047852 0.126302
0 0.737305 0.940755 0.107422 0.118490
0 0.842773 0.957682 0.101562 0.084635
9 0.647461 0.576823 0.138672 0.166667
9 0.302246 0.251953 0.129883 0.118490
9 0.324707 0.586589 0.045898 0.082031
9 0.217773 0.517578 0.115234 0.087240
