1 0.132324 0.150391 0.084961 0.095052
2 0.347168 0.172526 0.108398 0.123698
1 0.700684 0.173177 0.086914 0.085938
4 0.649414 0.275391 0.093750 0.102865
2 0.237793 0.296224 0.125977 0.160156
1 0.526367 0.359375 0.113281 0.065104
1 0.087891 0.373698 0.080078 0.080729
2 0.583496 0.419271 0.118164 0.085938
1 0.813477 0.440104 0.089844 0.093750
2 0.172852 0.483073 0.144531 0.109375
4 0.608887 0.500651 0.116211 0.113281
2 0.318848 0.510417 0.124023 0.164062
1 0.493164 0.514974 0.083984 0.149740
1 0.939941 0.540365 0.088867 0.101562
1 0.819824 0.553385 0.106445 0.085938
2 0.434570 0.057292 0.103516 0.111979
1 0.555176 0.631510 0.077148 0.127604
4 0.694824 0.635417 0.096680 0.122396
1 0.338379 0.690104 0.092773 0.083333
1 0.736816 0.070312 0.088867 0.088542
4 0.341797 0.073568 0.095703 0.084635
1 0.713379 0.809896 0.106445 0.098958
1 0.307129 0.858073 0.084961 0.059896
1 0.443848 0.869792 0.116211 0.083333
4 0.424805 0.944010 0.093750 0.088542
1 0.523926 0.947917 0.104492 0.083333
2 0.206055 0.958984 0.126953 0.082031
2 0.541504 0.097005 0.125977 0.128906
4 0.283203 0.125000 0.083984 0.109375
1 0.044434 0.785156 0.088867 0.096354
1 0.029297 0.886068 0.058594 0.079427
1 0.105957 0.060547 0.086914 0.095052
1 0.043945 0.550781 0.087891 0.171875
