9 0.301758 0.134115 0.095703 0.109375
0 0.876465 0.140625 0.073242 0.153646
0 0.713379 0.146484 0.114258 0.089844
0 0.830078 0.160156 0.105469 0.075521
3 0.122559 0.194010 0.182617 0.140625
0 0.365234 0.212240 0.103516 0.096354
0 0.663086 0.226562 0.099609 0.119792
0 0.741699 0.232422 0.100586 0.092448
0 0.821777 0.233724 0.081055 0.082031
0 0.951660 0.236328 0.083008 0.139323
9 0.475586 0.257161 0.101562 0.144531
0 0.668457 0.302083 0.086914 0.119792
0 0.771973 0.320964 0.106445 0.118490
0 0.240234 0.337240 0.103516 0.088542
0 0.925781 0.344401 0.130859 0.131510
0 0.707520 0.389974 0.094727 0.149740
0 0.530762 0.411458 0.129883 0.182292
0 0.404297 0.431641 0.099609 0.123698
0 0.850586 0.433594 0.089844 0.114583
0 0.253906 0.436849 0.142578 0.118490
0 0.132324 0.455078 0.088867 0.149740
0 0.918945 0.466146 0.105469 0.122396
0 0.786133 0.485026 0.101562 0.131510
0 0.647949 0.540365 0.122070 0.088542
0 0.837891 0.556641 0.083984 0.108073
0 0.375977 0.569661 0.089844 0.157552
0 0.122559 0.591797 0.151367 0.113281
0 0.241211 0.634766 0.099609 0.136719
0 0.769043 0.065104 0.092773 0.109375
0 0.553711 0.649740 0.087891 0.153646
0 0.651367 0.651042 0.140625 0.138021
3 0.761230 0.723958 0.247070 0.270833
0 0.642090 0.072917 0.108398 0.117188
0 0.374512 0.732422 0.086914 0.141927
0 0.466797 0.750000 0.083984 0.145833
0 0.955566 0.093750 0.088867 0.140625
3 0.057129 0.436198 0.114258 0.197917
9 0.333496 0.341797 0.096680 0.092448
9 0.141113 0.050781 0.151367 0.098958
