1 0.693848 0.145833 0.094727 0.104167
4 0.321777 0.160156 0.079102 0.143229
1 0.406738 0.178385 0.110352 0.101562
2 0.123047 0.189453 0.083984 0.134115
2 0.812012 0.195964 0.098633 0.118490
2 0.212402 0.222005 0.112305 0.180990
1 0.556152 0.232422 0.118164 0.136719
2 0.028320 0.263021 0.054688 0.205729
2 0.316895 0.274089 0.092773 0.126302
1 0.399414 0.284505 0.097656 0.126302
1 0.717773 0.304688 0.074219 0.161458
1 0.662598 0.419271 0.088867 0.140625
2 0.132324 0.469401 0.127930 0.154948
1 0.757812 0.488932 0.115234 0.128906
2 0.390137 0.505208 0.151367 0.223958
1 0.615234 0.535156 0.121094 0.130208
1 0.894531 0.585938 0.134766 0.182292
9 0.290527 0.637370 0.057617 0.069010
0 0.093262 0.645182 0.166992 0.173177
1 0.253418 0.690104 0.065430 0.119792
1 0.519043 0.701823 0.122070 0.114583
2 0.540527 0.074870 0.106445 0.147135
1 0.741699 0.748047 0.153320 0.225260
2 0.368652 0.778646 0.088867 0.140625
1 0.401855 0.078776 0.075195 0.074219
0 0.470703 0.846354 0.089844 0.125000
1 0.856445 0.870443 0.115234 0.128906
1 0.044434 0.862630 0.088867 0.139323
1 0.217285 0.046224 0.124023 0.092448
1 0.610840 0.329427 0.088867 0.104167
9 0.329590 0.962240 0.145508 0.075521
9 0.198730 0.934896 0.112305 0.130208
9 0.936035 0.090495 0.127930 0.180990
9 0.615234 0.777344 0.056641 0.101562
9 0.550293 0.835286 0.069336 0.128906
9 0.200195 0.815755 0.105469 0.089844
