0 0.198730 0.156250 0.194336 0.158854
5 0.891113 0.188802 0.202148 0.174479
5 0.484863 0.254557 0.243164 0.162760
3 0.738770 0.292969 0.143555 0.148438
5 0.904785 0.440104 0.165039 0.164062
0 0.315918 0.554688 0.147461 0.145833
5 0.556152 0.570312 0.143555 0.367188
0 0.416992 0.671224 0.130859 0.157552
5 0.780273 0.765625 0.216797 0.169271
5 0.558105 0.819661 0.198242 0.214844
0 0.933594 0.874349 0.130859 0.157552
4 0.109375 0.050130 0.095703 0.100260
4 0.090820 0.347656 0.167969 0.179688
0 0.606445 0.067708 0.134766 0.135417
