0 0.592773 0.163411 0.083984 0.115885
0 0.485840 0.220703 0.112305 0.131510
7 0.750000 0.237630 0.232422 0.167969
0 0.763672 0.347005 0.119141 0.149740
0 0.847168 0.382161 0.086914 0.100260
0 0.666992 0.391927 0.091797 0.145833
7 0.294434 0.412760 0.129883 0.234375
0 0.787109 0.503255 0.121094 0.162760
0 0.556641 0.512370 0.099609 0.162760
0 0.676270 0.548828 0.094727 0.199219
0 0.333496 0.559896 0.122070 0.119792
0 0.460449 0.563151 0.094727 0.160156
0 0.382324 0.598958 0.098633 0.114583
0 0.596191 0.651042 0.110352 0.119792
9 0.347168 0.072917 0.149414 0.145833
9 0.410156 0.347656 0.134766 0.117188
