0 0.275391 0.130208 0.095703 0.111979
0 0.552246 0.139323 0.110352 0.114583
0 0.374023 0.158203 0.089844 0.144531
0 0.590332 0.292969 0.131836 0.179688
0 0.677246 0.350911 0.125977 0.126302
6 0.950684 0.376302 0.092773 0.135417
0 0.474121 0.428385 0.081055 0.156250
0 0.555664 0.438802 0.087891 0.127604
9 0.332520 0.486979 0.122070 0.161458
9 0.232422 0.591146 0.136719 0.174479
0 0.278809 0.060547 0.094727 0.118490
6 0.889160 0.612630 0.063477 0.102865
0 0.116699 0.666016 0.079102 0.102865
0 0.477539 0.070964 0.085938 0.110677
0 0.429688 0.713542 0.164062 0.171875
6 0.952637 0.779948 0.067383 0.101562
6 0.852051 0.780599 0.063477 0.102865
9 0.093262 0.910807 0.124023 0.144531
0 0.792969 0.919922 0.109375 0.157552
5 0.095703 0.104167 0.136719 0.174479
0 0.426270 0.121745 0.092773 0.136719
0 0.041016 0.610026 0.082031 0.154948
9 0.748535 0.218750 0.112305 0.156250
9 0.178223 0.387370 0.065430 0.084635
0 0.718262 0.860026 0.057617 0.131510
9 0.300293 0.686198 0.172852 0.148438
9 0.302246 0.888021 0.270508 0.197917
9 0.456543 0.801432 0.112305 0.105469
9 0.581543 0.859375 0.151367 0.231771
