2 0.520020 0.309245 0.157227 0.183594
2 0.864258 0.351562 0.119141 0.164062
2 0.756836 0.379557 0.103516 0.212240
1 0.659180 0.380208 0.089844 0.127604
2 0.215332 0.436849 0.157227 0.183594
1 0.514160 0.492188 0.096680 0.132812
1 0.096191 0.500000 0.124023 0.109375
2 0.360840 0.537109 0.157227 0.183594
2 0.930176 0.554036 0.122070 0.175781
2 0.829102 0.597656 0.078125 0.109375
1 0.076660 0.598307 0.114258 0.110677
2 0.951172 0.713542 0.097656 0.145833
2 0.324707 0.720052 0.198242 0.187500
2 0.696777 0.790365 0.137695 0.174479
2 0.870605 0.810547 0.131836 0.204427
7 0.510742 0.841146 0.181641 0.218750
2 0.616211 0.930339 0.167969 0.136719
2 0.053711 0.789062 0.107422 0.171875
9 0.706055 0.639974 0.154297 0.126302
9 0.500488 0.581380 0.067383 0.061198
9 0.945801 0.238281 0.108398 0.247396
9 0.216797 0.565104 0.121094 0.098958
9 0.891113 0.962891 0.217773 0.074219
