0 0.582520 0.150391 0.100586 0.128906
0 0.372070 0.166016 0.097656 0.157552
0 0.662109 0.231771 0.097656 0.096354
0 0.454102 0.243490 0.115234 0.127604
0 0.692871 0.313802 0.088867 0.096354
0 0.793945 0.331380 0.097656 0.152344
0 0.605957 0.335286 0.081055 0.126302
0 0.367676 0.340495 0.133789 0.152344
0 0.520508 0.403646 0.083984 0.109375
0 0.091309 0.453776 0.106445 0.121094
0 0.422852 0.435547 0.105469 0.113281
0 0.745605 0.439453 0.084961 0.108073
0 0.649902 0.487630 0.100586 0.121094
0 0.403809 0.509766 0.116211 0.121094
0 0.545410 0.513672 0.094727 0.126302
0 0.728027 0.597656 0.086914 0.132812
0 0.467773 0.599609 0.087891 0.115885
0 0.889160 0.621094 0.092773 0.088542
0 0.650879 0.650391 0.083008 0.113281
0 0.597656 0.654948 0.082031 0.145833
0 0.933594 0.714844 0.091797 0.140625
0 0.826660 0.848307 0.083008 0.118490
0 0.468750 0.109375 0.095703 0.104167
0 0.968262 0.122396 0.063477 0.187500
0 0.785156 0.180990 0.089844 0.132812
0 0.371094 0.572266 0.080078 0.108073
0 0.311523 0.416667 0.074219 0.109375
