0 0.618164 0.222005 0.142578 0.131510
0 0.295898 0.281901 0.119141 0.147135
0 0.120605 0.320964 0.106445 0.149740
0 0.865234 0.387370 0.097656 0.123698
0 0.702148 0.398438 0.121094 0.151042
0 0.226074 0.447917 0.139648 0.148438
5 0.964844 0.456380 0.070312 0.191406
0 0.839355 0.536458 0.104492 0.117188
0 0.241211 0.674479 0.097656 0.114583
0 0.836426 0.688151 0.106445 0.144531
0 0.103516 0.750000 0.087891 0.130208
0 0.303223 0.775391 0.077148 0.108073
0 0.359863 0.874349 0.151367 0.157552
0 0.486328 0.956380 0.130859 0.087240
0 0.245117 0.958984 0.123047 0.082031
0 0.255371 0.099609 0.139648 0.147135
9 0.067383 0.753906 0.056641 0.101562
