0 0.140137 0.173828 0.077148 0.165365
2 0.689453 0.232422 0.162109 0.141927
2 0.493164 0.244141 0.181641 0.165365
0 0.282227 0.316406 0.121094 0.132812
0 0.560059 0.334635 0.088867 0.122396
0 0.098633 0.375651 0.097656 0.207031
0 0.221680 0.434896 0.113281 0.104167
0 0.472168 0.535807 0.094727 0.115885
0 0.254883 0.548177 0.097656 0.122396
0 0.811035 0.583333 0.114258 0.151042
0 0.670898 0.697917 0.095703 0.135417
0 0.193359 0.708984 0.121094 0.201823
0 0.556641 0.722656 0.119141 0.148438
0 0.357910 0.728516 0.090820 0.115885
0 0.124512 0.819010 0.084961 0.122396
0 0.502441 0.850260 0.086914 0.140625
2 0.349121 0.126953 0.096680 0.136719
0 0.034180 0.287760 0.068359 0.148438
9 0.746582 0.423177 0.102539 0.226562
9 0.750488 0.789062 0.096680 0.085938
9 0.278320 0.190104 0.126953 0.143229
0 0.051758 0.117839 0.103516 0.175781
0 0.109375 0.037760 0.119141 0.075521
0 0.233398 0.087891 0.113281 0.144531
9 0.223633 0.899089 0.123047 0.165365
9 0.371582 0.302734 0.075195 0.217448
9 0.848145 0.232422 0.133789 0.186198
