0 0.384277 0.145833 0.139648 0.169271
2 0.294922 0.210286 0.140625 0.196615
2 0.105957 0.238281 0.110352 0.122396
0 0.875488 0.332682 0.141602 0.173177
4 0.182129 0.345052 0.112305 0.101562
0 0.680176 0.396484 0.143555 0.186198
2 0.264160 0.417969 0.112305 0.143229
2 0.364746 0.487630 0.104492 0.144531
2 0.250977 0.647135 0.167969 0.098958
0 0.388672 0.710938 0.136719 0.119792
0 0.941406 0.071615 0.117188 0.130208
2 0.287598 0.730469 0.131836 0.127604
2 0.689941 0.734375 0.106445 0.153646
2 0.500000 0.741536 0.148438 0.115885
2 0.169922 0.753906 0.111328 0.135417
2 0.602051 0.761719 0.104492 0.174479
2 0.758301 0.790365 0.143555 0.148438
1 0.964844 0.813151 0.070312 0.121094
2 0.863770 0.824219 0.159180 0.145833
2 0.365723 0.835938 0.139648 0.151042
2 0.243652 0.850260 0.141602 0.164062
2 0.522949 0.873698 0.161133 0.179688
2 0.657227 0.875651 0.125000 0.141927
2 0.767090 0.893229 0.102539 0.075521
0 0.117676 0.901693 0.165039 0.186198
0 0.945801 0.925781 0.108398 0.127604
2 0.042969 0.315104 0.085938 0.130208
2 0.038086 0.180339 0.076172 0.160156
2 0.033203 0.076823 0.066406 0.098958
5 0.081543 0.711589 0.151367 0.191406
9 0.952637 0.577474 0.094727 0.118490
9 0.933594 0.443359 0.070312 0.139323
9 0.727539 0.101562 0.107422 0.203125
9 0.197754 0.120443 0.108398 0.134115
9 0.894531 0.702474 0.210938 0.121094
