5 0.813477 0.175130 0.097656 0.180990
5 0.645508 0.340495 0.146484 0.248698
0 0.863281 0.367839 0.097656 0.194010
5 0.711426 0.481771 0.133789 0.375000
5 0.212891 0.576823 0.238281 0.179688
5 0.449707 0.592448 0.182617 0.158854
0 0.910156 0.667318 0.117188 0.222656
0 0.793457 0.689453 0.129883 0.178385
0 0.258789 0.714844 0.199219 0.104167
0 0.636230 0.798177 0.198242 0.218750
0 0.193848 0.856120 0.116211 0.157552
0 0.262207 0.972656 0.118164 0.054688
5 0.462402 0.059245 0.157227 0.118490
5 0.651855 0.060547 0.188477 0.121094
9 0.432617 0.738281 0.097656 0.143229
9 0.273438 0.247396 0.191406 0.205729
9 0.061523 0.143880 0.123047 0.212240
9 0.595703 0.213542 0.177734 0.122396
