7 0.671387 0.176432 0.182617 0.305990
7 0.739258 0.300130 0.210938 0.386719
5 0.662109 0.032552 0.148438 0.062500
0 0.522461 0.333333 0.160156 0.122396
0 0.555176 0.431641 0.098633 0.110677
0 0.306152 0.470703 0.110352 0.175781
0 0.578613 0.530599 0.092773 0.108073
0 0.696777 0.567708 0.135742 0.179688
0 0.344727 0.584635 0.076172 0.109375
0 0.439941 0.634115 0.127930 0.158854
5 0.248047 0.688802 0.230469 0.156250
0 0.194824 0.842448 0.127930 0.151042
0 0.533203 0.095052 0.140625 0.158854
9 0.556641 0.655599 0.115234 0.199219
0 0.440430 0.471354 0.113281 0.158854
