0 0.377930 0.136719 0.103516 0.127604
0 0.287109 0.203776 0.101562 0.144531
0 0.470703 0.208333 0.087891 0.109375
0 0.428711 0.322266 0.097656 0.136719
0 0.886719 0.462240 0.132812 0.104167
7 0.406250 0.507161 0.228516 0.178385
0 0.880859 0.580078 0.105469 0.136719
1 0.402832 0.653646 0.137695 0.119792
0 0.634766 0.654948 0.130859 0.114583
0 0.962402 0.695312 0.075195 0.114583
0 0.505371 0.765625 0.077148 0.111979
1 0.393066 0.775391 0.151367 0.167969
0 0.792969 0.791016 0.087891 0.136719
1 0.699707 0.773438 0.143555 0.156250
1 0.268555 0.805339 0.121094 0.113281
1 0.112305 0.811849 0.058594 0.126302
1 0.048828 0.820312 0.054688 0.119792
0 0.907227 0.867188 0.119141 0.156250
0 0.220215 0.935547 0.133789 0.128906
0 0.684570 0.939453 0.109375 0.121094
0 0.737793 0.117188 0.094727 0.130208
9 0.706055 0.493490 0.134766 0.226562
9 0.606445 0.294271 0.175781 0.104167
9 0.619141 0.126302 0.201172 0.210938
9 0.449219 0.869141 0.123047 0.139323
9 0.551758 0.868490 0.101562 0.138021
9 0.475586 0.968099 0.148438 0.063802
9 0.037598 0.473958 0.075195 0.148438
0 0.810547 0.068359 0.091797 0.126302
8 0.823730 0.184896 0.098633 0.075521
0 0.363281 0.287760 0.105469 0.148438
