9 0.409668 0.250000 0.112305 0.210938
0 0.411133 0.402995 0.097656 0.113281
0 0.511719 0.451172 0.083984 0.131510
0 0.958496 0.472656 0.083008 0.164062
0 0.414551 0.511719 0.141602 0.104167
9 0.173340 0.523438 0.155273 0.145833
0 0.303223 0.578125 0.100586 0.145833
0 0.571289 0.604818 0.095703 0.152344
0 0.404785 0.614583 0.088867 0.119792
9 0.141113 0.645833 0.141602 0.174479
0 0.478516 0.647135 0.089844 0.148438
0 0.348145 0.694661 0.090820 0.105469
0 0.663086 0.718099 0.093750 0.170573
9 0.881348 0.798828 0.209961 0.295573
0 0.551758 0.807943 0.117188 0.165365
