5 0.816895 0.170573 0.166992 0.289062
0 0.632324 0.214844 0.120117 0.156250
0 0.582031 0.368490 0.140625 0.138021
0 0.395020 0.506510 0.120117 0.190104
0 0.773926 0.517578 0.086914 0.157552
5 0.508301 0.522135 0.145508 0.408854
0 0.611328 0.567708 0.078125 0.247396
0 0.687500 0.585938 0.078125 0.247396
5 0.857910 0.623698 0.182617 0.265625
0 0.147949 0.775391 0.166992 0.186198
0 0.606934 0.126302 0.106445 0.158854
6 0.945801 0.049479 0.108398 0.098958
0 0.962402 0.144531 0.075195 0.161458
6 0.959473 0.267578 0.081055 0.092448
6 0.949219 0.361979 0.101562 0.104167
6 0.866211 0.425130 0.109375 0.102865
6 0.741699 0.402995 0.073242 0.139323
6 0.720703 0.251302 0.058594 0.153646
6 0.033691 0.699219 0.067383 0.138021
9 0.432129 0.770182 0.129883 0.194010
