0 0.354492 0.181641 0.152344 0.147135
0 0.562988 0.244141 0.112305 0.170573
0 0.466309 0.336589 0.110352 0.157552
0 0.381348 0.410156 0.127930 0.197917
0 0.645020 0.496745 0.088867 0.115885
0 0.475098 0.570964 0.116211 0.131510
0 0.588379 0.660156 0.106445 0.122396
0 0.399902 0.069010 0.133789 0.127604
0 0.260742 0.748698 0.173828 0.197917
0 0.669434 0.759766 0.112305 0.123698
0 0.396484 0.781901 0.103516 0.173177
2 0.583496 0.852865 0.106445 0.117188
0 0.763672 0.860026 0.140625 0.134115
0 0.237305 0.934896 0.111328 0.127604
0 0.488770 0.102865 0.083008 0.127604
0 0.516113 0.917969 0.088867 0.153646
0 0.328125 0.948568 0.074219 0.102865
0 0.688477 0.582682 0.109375 0.173177
0 0.770996 0.705078 0.073242 0.152344
6 0.724121 0.619141 0.075195 0.126302
0 0.545898 0.056641 0.111328 0.113281
0 0.622559 0.116536 0.100586 0.113281
0 0.680176 0.291667 0.112305 0.182292
5 0.611328 0.386719 0.097656 0.119792
0 0.023926 0.800781 0.047852 0.190104
0 0.518066 0.461589 0.124023 0.121094
0 0.533203 0.741536 0.162109 0.128906
9 0.717285 0.421875 0.098633 0.190104
9 0.918945 0.676432 0.095703 0.128906
9 0.945801 0.506510 0.075195 0.138021
9 0.837891 0.464844 0.121094 0.148438
9 0.059570 0.904297 0.087891 0.191406
9 0.974609 0.604818 0.050781 0.121094
0 0.634766 0.026693 0.121094 0.053385
9 0.052734 0.283203 0.085938 0.196615
9 0.088379 0.059896 0.176758 0.119792
