0 0.763672 0.272786 0.103516 0.134115
1 0.356445 0.284505 0.117188 0.157552
0 0.657227 0.293620 0.091797 0.095052
1 0.965332 0.308594 0.069336 0.184896
0 0.554199 0.334635 0.129883 0.158854
0 0.850098 0.349609 0.104492 0.167969
1 0.158203 0.417969 0.115234 0.179688
1 0.279785 0.473958 0.088867 0.161458
0 0.378906 0.505208 0.132812 0.177083
1 0.476074 0.530599 0.100586 0.136719
0 0.258301 0.594401 0.141602 0.152344
1 0.560059 0.681641 0.124023 0.118490
0 0.416016 0.693359 0.107422 0.144531
0 0.311523 0.716146 0.101562 0.187500
0 0.215820 0.732422 0.089844 0.123698
1 0.119141 0.738281 0.103516 0.138021
1 0.671387 0.751953 0.112305 0.100260
1 0.530762 0.779948 0.166992 0.125000
0 0.378418 0.850260 0.155273 0.182292
1 0.502441 0.880859 0.100586 0.102865
0 0.179199 0.928385 0.135742 0.140625
0 0.035156 0.642578 0.066406 0.144531
0 0.047852 0.425781 0.095703 0.117188
9 0.129395 0.264974 0.133789 0.079427
9 0.913574 0.453776 0.081055 0.118490
9 0.638184 0.664714 0.090820 0.105469
9 0.431641 0.333333 0.113281 0.122396
9 0.036133 0.313802 0.072266 0.098958
