0 0.729980 0.158203 0.120117 0.144531
0 0.368652 0.184896 0.090820 0.132812
0 0.567871 0.218750 0.125977 0.158854
1 0.251465 0.230469 0.084961 0.117188
0 0.305176 0.272135 0.081055 0.132812
0 0.802246 0.302083 0.102539 0.101562
1 0.259277 0.378906 0.122070 0.127604
0 0.933105 0.410807 0.077148 0.118490
0 0.853027 0.417318 0.077148 0.149740
0 0.959473 0.517578 0.081055 0.180990
0 0.539062 0.526042 0.134766 0.138021
1 0.279785 0.532552 0.084961 0.127604
0 0.847656 0.545573 0.125000 0.132812
0 0.629883 0.546875 0.083984 0.111979
0 0.492188 0.057292 0.105469 0.106771
1 0.324707 0.583333 0.106445 0.065104
0 0.446777 0.593099 0.090820 0.113281
0 0.167480 0.632161 0.118164 0.152344
0 0.872070 0.642578 0.113281 0.110677
0 0.696289 0.656250 0.109375 0.111979
1 0.316406 0.672526 0.080078 0.115885
0 0.738281 0.699219 0.109375 0.098958
1 0.618652 0.743490 0.067383 0.135417
0 0.073730 0.789062 0.104492 0.138021
5 0.774414 0.834635 0.123047 0.200521
0 0.685059 0.802734 0.112305 0.126302
0 0.242188 0.804036 0.107422 0.118490
0 0.564941 0.832031 0.092773 0.143229
0 0.141113 0.893880 0.104492 0.209635
0 0.385254 0.901693 0.137695 0.152344
0 0.504395 0.958333 0.084961 0.083333
0 0.577637 0.960938 0.094727 0.078125
0 0.447266 0.126302 0.095703 0.119792
1 0.039062 0.702474 0.064453 0.113281
0 0.288086 0.038411 0.056641 0.076823
5 0.378418 0.069661 0.159180 0.139323
0 0.674805 0.041016 0.091797 0.076823
0 0.444824 0.735677 0.073242 0.114583
5 0.564941 0.695964 0.180664 0.121094
9 0.957520 0.914062 0.084961 0.171875
9 0.943359 0.728516 0.113281 0.235677
