7 0.336426 0.132812 0.110352 0.255208
9 0.868164 0.177083 0.099609 0.171875
0 0.423828 0.212891 0.082031 0.115885
9 0.174805 0.240885 0.167969 0.169271
6 0.767090 0.285156 0.188477 0.101562
0 0.480469 0.341797 0.125000 0.136719
9 0.925781 0.369141 0.148438 0.214844
9 0.185059 0.418620 0.213867 0.201823
9 0.541992 0.550130 0.167969 0.152344
0 0.660156 0.581380 0.121094 0.131510
6 0.397461 0.585938 0.158203 0.179688
0 0.616211 0.839193 0.109375 0.147135
9 0.173828 0.910156 0.218750 0.179688
6 0.058594 0.296224 0.117188 0.102865
0 0.366211 0.800781 0.134766 0.169271
