0 0.097656 0.201823 0.109375 0.127604
0 0.549316 0.282552 0.108398 0.195312
5 0.916016 0.363932 0.130859 0.180990
5 0.667480 0.378906 0.247070 0.330729
0 0.935059 0.565104 0.129883 0.104167
5 0.840332 0.602214 0.172852 0.183594
0 0.352539 0.591146 0.093750 0.104167
0 0.383789 0.671224 0.136719 0.110677
0 0.731445 0.725260 0.093750 0.109375
0 0.934082 0.838542 0.129883 0.104167
5 0.393066 0.859375 0.229492 0.218750
5 0.656738 0.850260 0.161133 0.098958
0 0.836914 0.944010 0.093750 0.109375
0 0.344727 0.117839 0.121094 0.100260
5 0.178711 0.774089 0.193359 0.123698
5 0.076172 0.655599 0.152344 0.113281
5 0.293457 0.036458 0.182617 0.072917
5 0.900391 0.050781 0.199219 0.101562
0 0.370605 0.227214 0.118164 0.110677
0 0.428223 0.390625 0.112305 0.122396
0 0.393555 0.458333 0.117188 0.145833
0 0.564941 0.604167 0.122070 0.122396
0 0.501953 0.720703 0.125000 0.118490
0 0.797852 0.688151 0.128906 0.108073
5 0.572754 0.942708 0.166992 0.104167
0 0.272949 0.949870 0.102539 0.100260
5 0.396973 0.902995 0.116211 0.180990
0 0.035156 0.537109 0.070312 0.131510
0 0.039551 0.413411 0.077148 0.118490
0 0.145508 0.319661 0.107422 0.160156
0 0.152344 0.091797 0.087891 0.110677
9 0.541016 0.105469 0.150391 0.065104
0 0.684082 0.037760 0.104492 0.072917
