9 0.281738 0.134766 0.157227 0.126302
2 0.907715 0.188151 0.124023 0.167969
9 0.390625 0.332682 0.101562 0.173177
2 0.536621 0.336589 0.084961 0.108073
2 0.277832 0.385417 0.110352 0.125000
1 0.500488 0.419922 0.110352 0.079427
9 0.893066 0.494141 0.137695 0.141927
2 0.498535 0.559245 0.153320 0.134115
9 0.146484 0.648438 0.164062 0.276042
0 0.412109 0.722005 0.107422 0.157552
2 0.292480 0.765625 0.090820 0.226562
2 0.862793 0.767578 0.096680 0.118490
2 0.807129 0.839193 0.096680 0.118490
9 0.392578 0.873047 0.060547 0.162760
9 0.451660 0.876953 0.104492 0.128906
0 0.135742 0.880208 0.130859 0.148438
9 0.623047 0.899740 0.148438 0.153646
2 0.940918 0.899740 0.081055 0.156250
9 0.491699 0.920573 0.088867 0.117188
9 0.338867 0.926432 0.109375 0.147135
9 0.750488 0.946615 0.208008 0.106771
