0 0.198242 0.170573 0.093750 0.140625
0 0.758789 0.231771 0.148438 0.203125
0 0.480957 0.294271 0.096680 0.119792
0 0.289062 0.305990 0.115234 0.164062
0 0.190430 0.319010 0.093750 0.140625
0 0.367676 0.386068 0.100586 0.160156
0 0.538086 0.402995 0.115234 0.128906
0 0.749023 0.445312 0.093750 0.140625
0 0.914062 0.451823 0.093750 0.140625
0 0.658203 0.518229 0.093750 0.153646
0 0.440430 0.519531 0.093750 0.140625
0 0.116211 0.568359 0.091797 0.199219
0 0.296875 0.570312 0.152344 0.200521
0 0.940430 0.623698 0.117188 0.145833
0 0.783203 0.639974 0.111328 0.121094
0 0.786621 0.742188 0.100586 0.119792
0 0.915039 0.880208 0.121094 0.169271
0 0.049805 0.296224 0.093750 0.095052
0 0.087891 0.052734 0.093750 0.105469
