5 0.804688 0.190755 0.117188 0.178385
9 0.372559 0.200521 0.094727 0.210938
5 0.621094 0.242188 0.085938 0.252604
5 0.522949 0.261068 0.116211 0.251302
5 0.194336 0.353516 0.181641 0.248698
5 0.703125 0.392578 0.089844 0.217448
5 0.608398 0.430339 0.093750 0.154948
5 0.467773 0.480469 0.123047 0.205729
5 0.806641 0.505208 0.150391 0.200521
5 0.299316 0.555339 0.125977 0.269531
9 0.548340 0.628255 0.092773 0.186198
9 0.385254 0.630208 0.127930 0.171875
9 0.390137 0.795573 0.153320 0.164062
5 0.286133 0.126302 0.070312 0.145833
5 0.122070 0.609375 0.218750 0.231771
