0 0.645020 0.170573 0.180664 0.203125
0 0.448242 0.180339 0.134766 0.264323
0 0.856934 0.260417 0.157227 0.197917
0 0.592773 0.302083 0.072266 0.125000
1 0.655273 0.305339 0.052734 0.084635
0 0.555176 0.361979 0.086914 0.132812
0 0.431152 0.396484 0.151367 0.186198
0 0.548340 0.498047 0.100586 0.157552
1 0.899902 0.561849 0.075195 0.089844
1 0.765625 0.590495 0.072266 0.105469
9 0.647461 0.600911 0.105469 0.423177
0 0.529297 0.676432 0.148438 0.149740
0 0.940430 0.110677 0.103516 0.190104
1 0.048340 0.158854 0.094727 0.104167
