0 0.886230 0.222005 0.120117 0.136719
0 0.307129 0.252604 0.092773 0.127604
0 0.647949 0.274740 0.098633 0.130208
0 0.944336 0.287109 0.083984 0.108073
0 0.413574 0.290365 0.118164 0.148438
0 0.559570 0.323568 0.072266 0.118490
0 0.500977 0.325521 0.083984 0.132812
0 0.726074 0.334635 0.084961 0.106771
0 0.363281 0.387370 0.087891 0.097656
0 0.293457 0.389323 0.088867 0.122396
0 0.450195 0.393229 0.074219 0.080729
0 0.509277 0.473958 0.088867 0.132812
0 0.205566 0.496745 0.077148 0.199219
0 0.286621 0.518880 0.088867 0.139323
0 0.577148 0.530599 0.087891 0.100260
0 0.411133 0.531250 0.119141 0.166667
1 0.769043 0.633464 0.108398 0.113281
0 0.507812 0.634766 0.074219 0.126302
0 0.202637 0.735677 0.061523 0.242188
0 0.563477 0.740885 0.087891 0.111979
0 0.110352 0.763672 0.101562 0.225260
0 0.261719 0.781901 0.060547 0.154948
0 0.948242 0.044271 0.072266 0.085938
