1 0.256836 0.149089 0.109375 0.152344
1 0.315430 0.274089 0.113281 0.126302
2 0.878906 0.292969 0.103516 0.164062
2 0.639648 0.345052 0.125000 0.171875
1 0.195312 0.360026 0.113281 0.126302
1 0.532715 0.391927 0.090820 0.122396
1 0.754395 0.488281 0.125977 0.096354
2 0.493652 0.511719 0.129883 0.130208
2 0.581543 0.514974 0.141602 0.115885
2 0.893066 0.579427 0.116211 0.216146
0 0.321289 0.624349 0.128906 0.128906
2 0.676270 0.638021 0.114258 0.166667
0 0.760254 0.694010 0.081055 0.091146
0 0.929199 0.774740 0.106445 0.096354
2 0.260254 0.782552 0.118164 0.111979
1 0.413574 0.822917 0.094727 0.125000
1 0.621582 0.838542 0.149414 0.083333
1 0.915527 0.860677 0.116211 0.106771
2 0.151367 0.861328 0.128906 0.128906
2 0.519043 0.871094 0.094727 0.179688
1 0.323730 0.890625 0.073242 0.104167
1 0.775879 0.946615 0.112305 0.106771
1 0.086426 0.399740 0.145508 0.182292
1 0.054199 0.157552 0.100586 0.148438
1 0.171387 0.208333 0.122070 0.179688
1 0.223633 0.947266 0.134766 0.092448
1 0.486328 0.973958 0.177734 0.052083
1 0.865234 0.710286 0.105469 0.121094
1 0.096191 0.739583 0.098633 0.166667
5 0.021484 0.794271 0.042969 0.130208
1 0.770996 0.089193 0.096680 0.108073
1 0.060547 0.654297 0.121094 0.170573
