1 0.512207 0.139323 0.120117 0.104167
1 0.417480 0.175130 0.090820 0.123698
1 0.158203 0.185547 0.082031 0.108073
1 0.339355 0.224609 0.073242 0.105469
1 0.630371 0.229818 0.075195 0.152344
1 0.254395 0.233073 0.102539 0.158854
1 0.889160 0.255208 0.131836 0.161458
1 0.459961 0.255208 0.166016 0.156250
1 0.100098 0.268229 0.083008 0.174479
1 0.576660 0.287760 0.108398 0.153646
1 0.797852 0.337891 0.089844 0.141927
1 0.389160 0.343750 0.137695 0.111979
1 0.167480 0.362630 0.096680 0.144531
1 0.284180 0.374349 0.103516 0.128906
1 0.697754 0.391927 0.106445 0.138021
1 0.961426 0.400391 0.073242 0.154948
1 0.884277 0.421875 0.125977 0.153646
1 0.579590 0.423177 0.131836 0.130208
1 0.763184 0.441406 0.102539 0.145833
1 0.365723 0.445964 0.131836 0.108073
1 0.480957 0.449870 0.094727 0.136719
1 0.120605 0.476562 0.143555 0.171875
1 0.385254 0.534505 0.131836 0.115885
1 0.643555 0.540365 0.130859 0.148438
1 0.508789 0.544922 0.121094 0.105469
0 0.847656 0.578125 0.076172 0.111979
1 0.395508 0.602865 0.105469 0.104167
1 0.166504 0.632161 0.139648 0.157552
1 0.518066 0.670573 0.104492 0.143229
1 0.386230 0.674479 0.147461 0.111979
1 0.608887 0.732422 0.149414 0.160156
1 0.311523 0.733073 0.107422 0.213542
1 0.835449 0.736328 0.098633 0.139323
1 0.116699 0.760417 0.104492 0.174479
1 0.420410 0.767578 0.102539 0.084635
1 0.225586 0.800781 0.117188 0.169271
1 0.940918 0.828125 0.081055 0.179688
1 0.184570 0.086589 0.097656 0.134115
1 0.321289 0.891927 0.125000 0.130208
1 0.069824 0.893229 0.081055 0.106771
1 0.173828 0.894531 0.087891 0.101562
1 0.375000 0.090495 0.142578 0.136719
1 0.412109 0.945964 0.113281 0.108073
1 0.168945 0.963542 0.162109 0.072917
1 0.887207 0.118490 0.124023 0.127604
1 0.767090 0.032552 0.106445 0.065104
1 0.637207 0.039714 0.106445 0.076823
