0 0.549316 0.134115 0.102539 0.151042
0 0.486328 0.199219 0.101562 0.106771
0 0.668945 0.244792 0.128906 0.135417
0 0.876465 0.252604 0.094727 0.122396
0 0.405762 0.256510 0.102539 0.098958
0 0.301758 0.272786 0.125000 0.154948
0 0.768555 0.279297 0.082031 0.131510
0 0.526855 0.281901 0.139648 0.175781
1 0.228027 0.315104 0.077148 0.143229
0 0.911621 0.343099 0.120117 0.134115
1 0.393555 0.355469 0.091797 0.119792
0 0.129395 0.367839 0.104492 0.118490
0 0.332031 0.412760 0.074219 0.098958
0 0.978516 0.450521 0.042969 0.171875
0 0.127441 0.460286 0.100586 0.105469
0 0.310547 0.522135 0.097656 0.125000
0 0.690918 0.526042 0.100586 0.104167
0 0.430176 0.537760 0.114258 0.148438
0 0.140137 0.599609 0.065430 0.141927
0 0.748535 0.643880 0.090820 0.141927
1 0.497559 0.688802 0.079102 0.104167
0 0.852051 0.702474 0.090820 0.141927
0 0.946289 0.718099 0.097656 0.136719
0 0.244629 0.727865 0.106445 0.156250
0 0.469238 0.842448 0.100586 0.229167
0 0.425293 0.086589 0.081055 0.162760
0 0.051758 0.885417 0.066406 0.132812
0 0.109375 0.906250 0.064453 0.104167
0 0.335449 0.926432 0.129883 0.121094
0 0.492188 0.098958 0.064453 0.135417
0 0.081055 0.981771 0.070312 0.036458
0 0.350098 0.055990 0.106445 0.111979
0 0.034668 0.578125 0.069336 0.122396
