1 0.432129 0.153646 0.120117 0.140625
0 0.204590 0.180990 0.106445 0.122396
1 0.767090 0.199870 0.151367 0.131510
1 0.603027 0.210938 0.102539 0.135417
1 0.675293 0.434896 0.106445 0.130208
1 0.177246 0.472656 0.168945 0.132812
1 0.709473 0.708333 0.153320 0.169271
0 0.911133 0.717448 0.128906 0.182292
0 0.321777 0.720703 0.192383 0.217448
1 0.089844 0.748047 0.152344 0.144531
1 0.366211 0.864583 0.091797 0.072917
1 0.455078 0.026042 0.148438 0.052083
9 0.795898 0.530599 0.066406 0.066406
9 0.875977 0.925781 0.044922 0.065104
