5 0.659668 0.236979 0.161133 0.208333
0 0.247070 0.274089 0.193359 0.217448
5 0.459473 0.322917 0.198242 0.276042
0 0.069824 0.495443 0.133789 0.196615
0 0.927246 0.533854 0.137695 0.187500
0 0.706543 0.611328 0.155273 0.204427
7 0.500488 0.675781 0.280273 0.309896
5 0.905762 0.703125 0.135742 0.296875
0 0.657715 0.786458 0.143555 0.164062
0 0.094727 0.831380 0.160156 0.243490
0 0.063965 0.142578 0.127930 0.207031
0 0.169922 0.070312 0.136719 0.140625
9 0.593262 0.865234 0.161133 0.144531
5 0.551758 0.063802 0.167969 0.119792
9 0.654297 0.107422 0.177734 0.082031
5 0.637695 0.438802 0.140625 0.153646
5 0.602539 0.341146 0.082031 0.125000
