0 0.539551 0.147786 0.131836 0.220052
0 0.350586 0.184245 0.140625 0.139323
0 0.698730 0.192057 0.180664 0.167969
0 0.970215 0.194010 0.059570 0.223958
0 0.849609 0.202474 0.109375 0.180990
1 0.083984 0.204427 0.095703 0.153646
0 0.376465 0.295573 0.088867 0.117188
2 0.249512 0.319010 0.137695 0.143229
2 0.841309 0.373698 0.153320 0.164062
0 0.600098 0.399740 0.118164 0.187500
0 0.503906 0.439453 0.089844 0.115885
2 0.135254 0.443359 0.112305 0.240885
2 0.229980 0.472656 0.125977 0.143229
2 0.354004 0.494792 0.118164 0.161458
2 0.919434 0.505208 0.124023 0.156250
2 0.720215 0.506510 0.094727 0.117188
2 0.466309 0.529948 0.096680 0.179688
2 0.818359 0.544271 0.089844 0.140625
2 0.573730 0.572917 0.143555 0.140625
2 0.742676 0.662760 0.133789 0.138021
2 0.895508 0.692057 0.166016 0.152344
2 0.294434 0.705078 0.245117 0.173177
2 0.638184 0.725260 0.104492 0.164062
2 0.752441 0.791667 0.125977 0.114583
0 0.376953 0.085938 0.146484 0.117188
1 0.958984 0.885417 0.082031 0.127604
2 0.895020 0.892578 0.071289 0.089844
2 0.583496 0.943359 0.127930 0.113281
5 0.055664 0.864583 0.111328 0.247396
1 0.055176 0.667969 0.110352 0.122396
0 0.040527 0.067708 0.081055 0.135417
2 0.034180 0.376302 0.068359 0.161458
