1 0.974609 0.150391 0.050781 0.100260
1 0.882812 0.152995 0.099609 0.087240
1 0.439941 0.153646 0.067383 0.088542
1 0.167969 0.165365 0.085938 0.070312
1 0.303711 0.170573 0.070312 0.104167
1 0.681152 0.179036 0.051758 0.105469
1 0.502930 0.186198 0.056641 0.070312
1 0.241211 0.224609 0.076172 0.084635
1 0.629395 0.225260 0.057617 0.117188
1 0.755859 0.227865 0.080078 0.127604
1 0.962402 0.243490 0.075195 0.085938
1 0.904785 0.255859 0.067383 0.113281
1 0.389648 0.258464 0.054688 0.100260
1 0.317383 0.261719 0.070312 0.078125
1 0.561035 0.263672 0.069336 0.092448
1 0.117676 0.294922 0.094727 0.105469
1 0.819824 0.296875 0.071289 0.130208
1 0.253906 0.298177 0.062500 0.075521
1 0.208496 0.316406 0.069336 0.104167
1 0.464355 0.320312 0.073242 0.075521
1 0.391602 0.328776 0.064453 0.084635
1 0.903320 0.332682 0.070312 0.092448
1 0.132324 0.033854 0.073242 0.065104
1 0.501465 0.391927 0.073242 0.072917
1 0.932129 0.414062 0.071289 0.088542
1 0.408203 0.428385 0.085938 0.093750
1 0.328613 0.430990 0.059570 0.109375
1 0.111816 0.436198 0.063477 0.114583
1 0.802246 0.475911 0.059570 0.074219
1 0.497070 0.477214 0.085938 0.097656
1 0.267090 0.048177 0.086914 0.093750
1 0.963379 0.500651 0.073242 0.092448
1 0.337402 0.504557 0.059570 0.087240
1 0.407227 0.520182 0.066406 0.087240
1 0.435547 0.052083 0.074219 0.093750
1 0.883301 0.533203 0.061523 0.079427
1 0.272461 0.539714 0.054688 0.105469
1 0.174805 0.568359 0.066406 0.105469
1 0.560059 0.599609 0.063477 0.087240
1 0.121582 0.602865 0.096680 0.091146
1 0.041504 0.602865 0.067383 0.101562
1 0.957031 0.611979 0.080078 0.080729
1 0.750488 0.613281 0.049805 0.114583
1 0.838379 0.650391 0.077148 0.121094
1 0.654785 0.670573 0.053711 0.106771
1 0.711914 0.685547 0.060547 0.084635
1 0.248535 0.688151 0.069336 0.110677
1 0.058594 0.692057 0.072266 0.097656
1 0.383301 0.713542 0.073242 0.070312
1 0.145020 0.737630 0.067383 0.084635
1 0.441406 0.740885 0.095703 0.075521
1 0.598633 0.742188 0.066406 0.093750
1 0.084473 0.761719 0.096680 0.091146
1 0.840332 0.772135 0.063477 0.088542
1 0.462891 0.804688 0.054688 0.091146
1 0.350098 0.805990 0.057617 0.104167
1 0.530273 0.807292 0.072266 0.101562
1 0.937988 0.807292 0.086914 0.119792
1 0.152344 0.819661 0.056641 0.079427
1 0.268066 0.822917 0.088867 0.117188
1 0.051758 0.839844 0.080078 0.067708
1 0.555664 0.086589 0.070312 0.118490
1 0.594238 0.874349 0.059570 0.152344
1 0.182129 0.882161 0.073242 0.079427
1 0.456543 0.891276 0.077148 0.113281
1 0.338379 0.900391 0.047852 0.092448
1 0.755371 0.906250 0.059570 0.109375
1 0.273438 0.919922 0.074219 0.092448
1 0.808594 0.929688 0.060547 0.080729
1 0.145020 0.950521 0.049805 0.080729
1 0.074707 0.951823 0.065430 0.078125
1 0.394531 0.955078 0.070312 0.089844
1 0.560059 0.960286 0.081055 0.079427
1 0.065430 0.126953 0.050781 0.131510
1 0.064453 0.534505 0.121094 0.071615
1 0.026367 0.406250 0.052734 0.161458
1 0.054688 0.455729 0.064453 0.057292
1 0.055664 0.339193 0.064453 0.097656
1 0.040527 0.221354 0.081055 0.098958
1 0.020508 0.112630 0.041016 0.066406
1 0.472168 0.241536 0.053711 0.071615
1 0.625977 0.124349 0.062500 0.092448
1 0.639160 0.822266 0.065430 0.108073
1 0.686523 0.892578 0.085938 0.089844
1 0.778809 0.794271 0.057617 0.156250
1 0.682617 0.591146 0.062500 0.072917
1 0.621582 0.547526 0.057617 0.105469
1 0.443359 0.581380 0.101562 0.131510
1 0.745117 0.395833 0.068359 0.109375
1 0.680176 0.281250 0.043945 0.062500
1 0.880371 0.066406 0.057617 0.072917
