0 0.432129 0.182943 0.100586 0.149740
0 0.331055 0.176432 0.097656 0.134115
0 0.140625 0.232422 0.158203 0.134115
0 0.625977 0.263672 0.091797 0.110677
0 0.613770 0.384115 0.124023 0.140625
0 0.090332 0.402344 0.116211 0.117188
0 0.899902 0.434896 0.088867 0.166667
0 0.407715 0.438151 0.079102 0.128906
0 0.783203 0.449870 0.152344 0.105469
0 0.176270 0.456380 0.081055 0.123698
0 0.336426 0.502604 0.112305 0.166667
0 0.659180 0.507161 0.091797 0.115885
0 0.586426 0.539714 0.079102 0.128906
0 0.474609 0.550781 0.119141 0.125000
0 0.069824 0.565755 0.104492 0.126302
0 0.757324 0.588542 0.090820 0.164062
0 0.561035 0.669271 0.124023 0.151042
0 0.664551 0.681641 0.110352 0.157552
0 0.582031 0.791667 0.115234 0.125000
0 0.494629 0.908854 0.147461 0.182292
0 0.626465 0.934896 0.106445 0.130208
0 0.384766 0.941406 0.097656 0.114583
0 0.570801 0.101562 0.139648 0.145833
0 0.058105 0.664062 0.077148 0.104167
0 0.412598 0.598307 0.086914 0.076823
0 0.339355 0.791016 0.094727 0.053385
0 0.364746 0.854818 0.086914 0.071615
0 0.436035 0.828125 0.086914 0.072917
0 0.187988 0.971354 0.106445 0.057292
0 0.041016 0.891927 0.048828 0.109375
0 0.083984 0.818359 0.078125 0.105469
0 0.142090 0.800130 0.071289 0.113281
0 0.101074 0.913411 0.051758 0.092448
0 0.160156 0.912760 0.050781 0.078125
0 0.168945 0.658854 0.095703 0.130208
0 0.236816 0.700521 0.104492 0.114583
0 0.413574 0.699870 0.088867 0.118490
