5 0.852539 0.166667 0.132812 0.257812
9 0.446289 0.298828 0.103516 0.199219
0 0.285645 0.313802 0.116211 0.166667
0 0.392578 0.468099 0.095703 0.217448
0 0.768555 0.468750 0.082031 0.182292
0 0.826172 0.501302 0.083984 0.156250
5 0.314453 0.578776 0.087891 0.214844
9 0.432129 0.612630 0.102539 0.102865
0 0.664062 0.704427 0.115234 0.145833
0 0.248535 0.726562 0.088867 0.200521
0 0.345215 0.856771 0.094727 0.281250
5 0.443848 0.889323 0.124023 0.221354
0 0.562012 0.944010 0.104492 0.109375
9 0.781738 0.936849 0.075195 0.113281
9 0.555176 0.555990 0.102539 0.179688
9 0.514648 0.679688 0.126953 0.182292
0 0.331543 0.063802 0.110352 0.125000
0 0.535156 0.184245 0.132812 0.170573
0 0.782715 0.065104 0.088867 0.127604
9 0.677734 0.391927 0.097656 0.395833
9 0.537598 0.349609 0.100586 0.175781
