5 0.920898 0.295573 0.158203 0.145833
0 0.665039 0.333333 0.128906 0.104167
0 0.587402 0.513021 0.079102 0.111979
0 0.226562 0.061849 0.087891 0.121094
5 0.433594 0.628255 0.146484 0.248698
0 0.295410 0.738281 0.155273 0.164062
5 0.052246 0.657552 0.104492 0.125000
5 0.813477 0.744792 0.220703 0.169271
0 0.387695 0.859375 0.087891 0.119792
0 0.147949 0.868490 0.165039 0.111979
0 0.664551 0.087240 0.100586 0.153646
0 0.787598 0.882161 0.104492 0.144531
0 0.946777 0.089193 0.104492 0.144531
0 0.400391 0.061849 0.091797 0.118490
0 0.456055 0.200521 0.083984 0.119792
0 0.537598 0.091797 0.100586 0.136719
0 0.471191 0.126953 0.071289 0.100260
0 0.560059 0.237630 0.088867 0.118490
0 0.645508 0.238281 0.103516 0.093750
0 0.549316 0.298828 0.086914 0.074219
0 0.566406 0.374349 0.085938 0.095052
0 0.636719 0.425130 0.117188 0.066406
0 0.676758 0.480469 0.115234 0.130208
0 0.622559 0.541667 0.006836 0.013021
0 0.596680 0.598958 0.101562 0.106771
0 0.614746 0.665365 0.090820 0.083333
5 0.648926 0.803385 0.145508 0.145833
0 0.923340 0.178385 0.153320 0.101562
5 0.500488 0.864583 0.163086 0.192708
5 0.899902 0.477214 0.200195 0.089844
9 0.351074 0.175130 0.124023 0.126302
9 0.457520 0.328776 0.112305 0.144531
0 0.160645 0.966146 0.110352 0.067708
5 0.096680 0.750000 0.193359 0.122396
5 0.895020 0.583984 0.196289 0.118490
0 0.762695 0.506510 0.101562 0.109375
