1 0.197266 0.139974 0.175781 0.082031
1 0.666504 0.144531 0.124023 0.132812
2 0.239746 0.252604 0.124023 0.156250
1 0.401367 0.299479 0.132812 0.122396
1 0.632812 0.331380 0.126953 0.147135
2 0.715332 0.414062 0.147461 0.096354
2 0.521484 0.365885 0.152344 0.093750
1 0.281250 0.427083 0.152344 0.111979
4 0.417969 0.429688 0.085938 0.130208
1 0.823242 0.483073 0.125000 0.088542
1 0.259766 0.534505 0.117188 0.097656
1 0.924316 0.548177 0.120117 0.104167
2 0.646973 0.556641 0.153320 0.141927
2 0.516602 0.559896 0.132812 0.122396
1 0.814453 0.565755 0.093750 0.095052
4 0.729492 0.576172 0.076172 0.076823
2 0.275879 0.638021 0.133789 0.127604
1 0.965332 0.638021 0.069336 0.122396
1 0.777832 0.643880 0.081055 0.113281
1 0.161133 0.654948 0.132812 0.122396
1 0.559082 0.659505 0.079102 0.105469
2 0.427246 0.660156 0.127930 0.145833
4 0.635254 0.713542 0.096680 0.098958
2 0.045410 0.729818 0.086914 0.175781
1 0.911133 0.731771 0.103516 0.106771
1 0.273438 0.075521 0.107422 0.098958
2 0.412598 0.768229 0.116211 0.140625
2 0.296875 0.781250 0.119141 0.151042
4 0.137207 0.783203 0.098633 0.102865
1 0.497070 0.842448 0.097656 0.093750
2 0.626953 0.886719 0.140625 0.161458
2 0.889160 0.876302 0.108398 0.153646
2 0.967773 0.879557 0.064453 0.209635
4 0.784180 0.884766 0.074219 0.115885
1 0.145996 0.929036 0.122070 0.134115
2 0.746094 0.930339 0.111328 0.139323
4 0.517578 0.934896 0.097656 0.109375
1 0.431641 0.945964 0.093750 0.108073
2 0.589355 0.970052 0.120117 0.059896
2 0.055176 0.488932 0.110352 0.149740
9 0.815918 0.091146 0.161133 0.164062
9 0.867676 0.031901 0.153320 0.063802
1 0.621582 0.038411 0.124023 0.076823
2 0.082520 0.031250 0.165039 0.062500
1 0.182617 0.071615 0.103516 0.122396
2 0.520020 0.452474 0.127930 0.105469
