0 0.116211 0.145182 0.119141 0.162760
5 0.758301 0.154297 0.147461 0.105469
0 0.342285 0.160807 0.108398 0.110677
5 0.576660 0.179036 0.088867 0.214844
5 0.459473 0.225911 0.145508 0.157552
0 0.326660 0.270182 0.110352 0.100260
5 0.546387 0.289062 0.110352 0.148438
0 0.192383 0.248047 0.101562 0.118490
0 0.272461 0.331380 0.103516 0.100260
1 0.566406 0.388672 0.115234 0.084635
0 0.356445 0.432943 0.121094 0.162760
0 0.151855 0.455729 0.149414 0.182292
0 0.273926 0.481771 0.100586 0.140625
0 0.950684 0.521484 0.098633 0.131510
0 0.591797 0.601562 0.154297 0.231771
0 0.479492 0.605469 0.085938 0.153646
0 0.829102 0.611979 0.099609 0.169271
0 0.290527 0.643229 0.108398 0.208333
0 0.386230 0.666667 0.094727 0.177083
0 0.971680 0.697266 0.056641 0.162760
1 0.849121 0.707031 0.069336 0.098958
0 0.413086 0.074870 0.134766 0.144531
1 0.291504 0.841797 0.094727 0.144531
5 0.095215 0.860677 0.184570 0.270833
1 0.504395 0.875000 0.155273 0.145833
1 0.401367 0.938151 0.099609 0.123698
5 0.650879 0.117839 0.112305 0.199219
1 0.909668 0.807943 0.073242 0.061198
