2 0.274902 0.152344 0.141602 0.179688
0 0.422363 0.282552 0.100586 0.226562
0 0.190918 0.285156 0.110352 0.122396
0 0.345703 0.370443 0.085938 0.136719
0 0.526367 0.376302 0.089844 0.135417
0 0.193848 0.406250 0.110352 0.104167
0 0.093750 0.444661 0.117188 0.118490
0 0.357910 0.524740 0.147461 0.143229
0 0.172852 0.578125 0.121094 0.140625
0 0.371582 0.705078 0.106445 0.118490
0 0.428223 0.808594 0.102539 0.109375
0 0.439453 0.929688 0.152344 0.138021
9 0.899414 0.804036 0.091797 0.391927
9 0.042480 0.884766 0.084961 0.230469
9 0.014160 0.520182 0.028320 0.305990
9 0.968262 0.083984 0.063477 0.167969
9 0.479492 0.470052 0.058594 0.184896
0 0.233887 0.085938 0.081055 0.171875
0 0.161133 0.026693 0.144531 0.053385
