0 0.355957 0.214193 0.110352 0.141927
0 0.524414 0.257161 0.121094 0.178385
1 0.238281 0.280599 0.103516 0.118490
0 0.374512 0.383464 0.149414 0.212240
1 0.219238 0.405599 0.110352 0.115885
0 0.511719 0.427083 0.111328 0.135417
0 0.596191 0.430990 0.071289 0.161458
5 0.753418 0.460938 0.182617 0.221354
5 0.479980 0.573568 0.166992 0.149740
0 0.641113 0.583984 0.166992 0.126302
1 0.252441 0.608073 0.094727 0.130208
0 0.221191 0.063802 0.114258 0.125000
1 0.509277 0.686198 0.127930 0.122396
1 0.859863 0.686198 0.127930 0.132812
0 0.641113 0.742188 0.120117 0.156250
0 0.300293 0.796224 0.112305 0.134115
0 0.426270 0.832682 0.106445 0.126302
1 0.084961 0.859375 0.144531 0.151042
0 0.319336 0.102214 0.091797 0.113281
9 0.938477 0.276693 0.123047 0.180990
9 0.577637 0.929688 0.196289 0.140625
9 0.845215 0.824219 0.286133 0.184896
9 0.759766 0.652344 0.126953 0.138021
9 0.398926 0.690755 0.112305 0.149740
9 0.141602 0.156901 0.142578 0.126302
9 0.150879 0.626302 0.139648 0.177083
0 0.325684 0.555990 0.118164 0.143229
9 0.037598 0.715495 0.075195 0.139323
