1 0.257324 0.220052 0.153320 0.153646
0 0.478516 0.243490 0.060547 0.104167
0 0.419434 0.244792 0.067383 0.114583
0 0.657227 0.310547 0.132812 0.149740
0 0.728516 0.430990 0.130859 0.182292
0 0.560547 0.441406 0.105469 0.210938
0 0.453613 0.445312 0.104492 0.231771
0 0.249023 0.459635 0.121094 0.153646
1 0.937500 0.477214 0.105469 0.144531
0 0.361328 0.488932 0.101562 0.162760
0 0.812988 0.510417 0.114258 0.135417
0 0.662598 0.575521 0.096680 0.156250
0 0.560547 0.602214 0.105469 0.121094
0 0.172363 0.604167 0.108398 0.127604
0 0.939453 0.616536 0.119141 0.121094
1 0.454590 0.669271 0.135742 0.182292
0 0.319336 0.720052 0.146484 0.299479
0 0.821777 0.720052 0.124023 0.197917
0 0.147461 0.743490 0.173828 0.153646
1 0.672363 0.755208 0.135742 0.130208
1 0.686035 0.881510 0.143555 0.138021
1 0.334473 0.076172 0.088867 0.102865
1 0.243164 0.058594 0.078125 0.096354
0 0.037109 0.589844 0.074219 0.174479
8 0.159180 0.403646 0.029297 0.036458
9 0.477539 0.882161 0.115234 0.235677
9 0.566895 0.243490 0.104492 0.106771
9 0.574707 0.824870 0.094727 0.194010
