0 0.151367 0.134766 0.140625 0.144531
0 0.647461 0.190755 0.101562 0.095052
0 0.380371 0.214193 0.133789 0.136719
0 0.270020 0.336589 0.110352 0.191406
0 0.720703 0.354167 0.109375 0.182292
9 0.508301 0.379557 0.094727 0.108073
0 0.908691 0.436198 0.180664 0.140625
0 0.426270 0.527995 0.104492 0.141927
0 0.297363 0.054688 0.137695 0.104167
5 0.655762 0.652344 0.198242 0.122396
0 0.222168 0.670573 0.129883 0.151042
0 0.358887 0.686198 0.116211 0.164062
5 0.671387 0.774089 0.208008 0.157552
0 0.292969 0.855469 0.109375 0.182292
1 0.402344 0.932292 0.072266 0.091146
5 0.848633 0.955729 0.146484 0.088542
9 0.912109 0.098307 0.097656 0.167969
0 0.534180 0.117188 0.105469 0.145833
1 0.863281 0.333984 0.103516 0.087240
9 0.108887 0.893229 0.217773 0.213542
9 0.038086 0.250000 0.074219 0.276042
9 0.077148 0.576823 0.154297 0.236979
9 0.324219 0.518880 0.115234 0.175781
0 0.941406 0.602865 0.107422 0.119792
9 0.861328 0.171875 0.138672 0.166667
0 0.731934 0.132161 0.114258 0.154948
0 0.970703 0.260417 0.058594 0.135417
