0 0.910645 0.185547 0.118164 0.154948
0 0.402344 0.216146 0.156250 0.169271
0 0.579590 0.231120 0.112305 0.144531
0 0.692383 0.269531 0.107422 0.125000
0 0.180176 0.315755 0.112305 0.144531
0 0.811035 0.335938 0.131836 0.229167
0 0.676270 0.376302 0.112305 0.117188
0 0.502441 0.391276 0.118164 0.154948
0 0.839844 0.493490 0.099609 0.140625
0 0.638672 0.530599 0.097656 0.136719
0 0.120117 0.538411 0.128906 0.123698
0 0.541992 0.563151 0.097656 0.136719
0 0.120605 0.659505 0.116211 0.123698
0 0.278320 0.665365 0.126953 0.145833
0 0.713867 0.688151 0.097656 0.136719
0 0.394531 0.692057 0.097656 0.136719
0 0.504883 0.742839 0.097656 0.136719
0 0.131348 0.797526 0.118164 0.154948
0 0.273438 0.886068 0.121094 0.131510
0 0.680664 0.937500 0.132812 0.122396
9 0.895996 0.690755 0.208008 0.238281
0 0.022461 0.152344 0.044922 0.114583
0 0.059082 0.338542 0.118164 0.096354
0 0.074219 0.412760 0.101562 0.091146
0 0.025879 0.552083 0.051758 0.117188
0 0.038086 0.753255 0.074219 0.128906
0 0.044922 0.900391 0.083984 0.131510
0 0.121582 0.942057 0.090820 0.113281
0 0.246582 0.442708 0.098633 0.140625
0 0.316406 0.423828 0.085938 0.141927
0 0.375977 0.501953 0.103516 0.126302
0 0.449707 0.582031 0.100586 0.119792
0 0.352051 0.936198 0.114258 0.127604
0 0.584473 0.680990 0.081055 0.114583
0 0.634766 0.736328 0.083984 0.113281
2 0.589355 0.386719 0.063477 0.148438
0 0.915527 0.383464 0.079102 0.115885
0 0.970703 0.414062 0.058594 0.135417
0 0.433594 0.936849 0.072266 0.126302
9 0.541992 0.915365 0.121094 0.140625
9 0.664551 0.824219 0.153320 0.111979
0 0.829590 0.902344 0.122070 0.111979
