0 0.827637 0.237630 0.114258 0.154948
0 0.956543 0.238281 0.086914 0.179688
0 0.677734 0.267578 0.164062 0.217448
0 0.487793 0.323568 0.114258 0.154948
0 0.304199 0.341797 0.114258 0.154948
0 0.836914 0.406250 0.111328 0.140625
0 0.198242 0.452474 0.109375 0.136719
0 0.625977 0.483724 0.109375 0.136719
0 0.454590 0.496094 0.096680 0.138021
0 0.231445 0.594401 0.109375 0.136719
0 0.326660 0.677083 0.094727 0.161458
0 0.895996 0.744792 0.125977 0.166667
0 0.702148 0.827474 0.109375 0.136719
0 0.353516 0.555339 0.095703 0.089844
0 0.394531 0.658854 0.078125 0.117188
0 0.423340 0.722005 0.088867 0.097656
0 0.428711 0.817708 0.087891 0.117188
0 0.526367 0.784505 0.095703 0.131510
0 0.579590 0.743490 0.088867 0.091146
0 0.539551 0.601562 0.125977 0.101562
0 0.651367 0.695964 0.091797 0.100260
0 0.591797 0.968750 0.113281 0.062500
0 0.697266 0.408854 0.089844 0.125000
0 0.828613 0.632161 0.106445 0.149740
0 0.705078 0.625000 0.099609 0.114583
