0 0.927734 0.190755 0.119141 0.157552
1 0.490723 0.227865 0.077148 0.101562
1 0.848145 0.317708 0.100586 0.088542
1 0.962402 0.346354 0.063477 0.083333
1 0.518066 0.420573 0.081055 0.085938
1 0.515625 0.423177 0.076172 0.096354
1 0.539551 0.501302 0.077148 0.080729
1 0.679199 0.502604 0.047852 0.098958
1 0.624512 0.513021 0.079102 0.078125
1 0.108887 0.533854 0.114258 0.125000
1 0.533691 0.563802 0.057617 0.091146
1 0.613770 0.580729 0.081055 0.062500
1 0.388184 0.587240 0.075195 0.138021
1 0.461426 0.593750 0.061523 0.104167
1 0.197754 0.678385 0.069336 0.080729
1 0.152832 0.726562 0.081055 0.098958
0 0.833496 0.872396 0.137695 0.171875
1 0.073730 0.890625 0.059570 0.119792
1 0.252441 0.907552 0.077148 0.080729
1 0.078613 0.910156 0.061523 0.096354
1 0.373535 0.092448 0.073242 0.117188
1 0.531738 0.953125 0.065430 0.093750
1 0.111816 0.121094 0.100586 0.143229
1 0.686035 0.128906 0.084961 0.122396
