0 0.246094 0.204427 0.134766 0.161458
0 0.364746 0.218099 0.098633 0.115885
0 0.628906 0.276042 0.132812 0.130208
0 0.506836 0.304036 0.097656 0.115885
0 0.418457 0.324870 0.098633 0.115885
0 0.792480 0.356771 0.090820 0.138021
0 0.693359 0.391276 0.080078 0.115885
0 0.590820 0.441406 0.111328 0.119792
0 0.165039 0.497396 0.125000 0.114583
0 0.497559 0.541667 0.100586 0.138021
0 0.695801 0.542318 0.112305 0.162760
0 0.170898 0.609375 0.128906 0.109375
0 0.212891 0.739583 0.123047 0.171875
0 0.334961 0.777995 0.119141 0.180990
0 0.522949 0.794271 0.127930 0.130208
0 0.687012 0.819010 0.163086 0.231771
0 0.242188 0.910156 0.130859 0.156250
6 0.175781 0.365234 0.066406 0.100260
6 0.294434 0.585286 0.083008 0.095052
6 0.428223 0.775391 0.059570 0.092448
0 0.049805 0.807292 0.099609 0.171875
6 0.666992 0.162109 0.058594 0.082031
0 0.564941 0.070312 0.108398 0.140625
9 0.126953 0.268229 0.093750 0.111979
6 0.059082 0.491536 0.063477 0.089844
9 0.034180 0.453776 0.068359 0.079427
0 0.131836 0.736328 0.087891 0.121094
0 0.507812 0.679688 0.125000 0.119792
0 0.374023 0.450521 0.115234 0.109375
0 0.389648 0.527995 0.121094 0.092448
0 0.397949 0.590495 0.118164 0.097656
6 0.863770 0.300130 0.100586 0.100260
9 0.949219 0.494141 0.101562 0.217448
0 0.464355 0.964193 0.120117 0.071615
6 0.481445 0.170573 0.099609 0.078125
