1 0.377930 0.341797 0.132812 0.186198
1 0.852051 0.392578 0.202148 0.147135
1 0.653320 0.502604 0.171875 0.119792
1 0.214844 0.580729 0.113281 0.119792
1 0.575684 0.602865 0.125977 0.135417
1 0.515625 0.703776 0.132812 0.102865
1 0.927734 0.725260 0.144531 0.132812
1 0.327637 0.726562 0.229492 0.171875
1 0.916992 0.867188 0.166016 0.132812
1 0.190918 0.897786 0.135742 0.204427
1 0.485352 0.906901 0.171875 0.180990
1 0.361328 0.910156 0.175781 0.143229
1 0.683594 0.910807 0.148438 0.178385
1 0.098633 0.469401 0.123047 0.139323
1 0.505859 0.026693 0.126953 0.053385
1 0.899902 0.957682 0.190430 0.084635
