5 0.662598 0.209635 0.100586 0.239583
5 0.554199 0.230469 0.155273 0.148438
5 0.885742 0.287109 0.140625 0.326823
0 0.381348 0.290365 0.153320 0.205729
0 0.581543 0.628255 0.147461 0.139323
0 0.686523 0.820312 0.146484 0.153646
0 0.817871 0.894531 0.122070 0.210938
0 0.262207 0.934896 0.124023 0.130208
0 0.348633 0.499349 0.195312 0.214844
0 0.327637 0.748047 0.086914 0.160156
0 0.229004 0.755208 0.124023 0.190104
9 0.172363 0.666667 0.129883 0.247396
0 0.578613 0.335286 0.153320 0.118490
0 0.770508 0.313151 0.123047 0.204427
