1 0.358398 0.152995 0.125000 0.131510
1 0.145020 0.288411 0.102539 0.118490
1 0.282715 0.308594 0.149414 0.132812
0 0.739258 0.406250 0.183594 0.270833
5 0.118164 0.434245 0.144531 0.220052
0 0.324219 0.505859 0.107422 0.173177
0 0.423828 0.577474 0.101562 0.199219
5 0.179199 0.609375 0.125977 0.317708
5 0.263184 0.686198 0.176758 0.205729
1 0.454590 0.756510 0.094727 0.138021
5 0.710938 0.764323 0.294922 0.203125
5 0.293457 0.830729 0.293945 0.145833
0 0.140137 0.085286 0.133789 0.165365
1 0.465332 0.043620 0.106445 0.084635
