7 0.485840 0.226562 0.194336 0.299479
7 0.341797 0.304688 0.128906 0.375000
7 0.120820 0.249564 0.235781 0.329857
0 0.724121 0.390625 0.112305 0.161458
7 0.218262 0.439453 0.118164 0.261719
0 0.448242 0.459635 0.119141 0.164062
0 0.133301 0.489583 0.081055 0.208333
0 0.765625 0.544271 0.107422 0.109375
0 0.426270 0.550781 0.122070 0.143229
0 0.576172 0.581380 0.132812 0.186198
0 0.202637 0.596354 0.131836 0.119792
0 0.889648 0.606771 0.095703 0.125000
0 0.700684 0.641927 0.108398 0.125000
0 0.354004 0.706380 0.124023 0.162760
0 0.870605 0.796875 0.086914 0.135417
0 0.635742 0.819010 0.134766 0.151042
0 0.759766 0.839193 0.095703 0.154948
1 0.034668 0.166667 0.069336 0.101562
0 0.428223 0.681641 0.073242 0.173177
