0 0.265625 0.212240 0.164062 0.190104
0 0.837402 0.279297 0.163086 0.144531
0 0.135742 0.343750 0.107422 0.234375
0 0.687500 0.375000 0.136719 0.135417
9 0.516113 0.409505 0.114258 0.131510
5 0.698730 0.519531 0.206055 0.164062
0 0.967285 0.522786 0.065430 0.154948
0 0.849609 0.571615 0.087891 0.132812
0 0.445801 0.621094 0.180664 0.148438
0 0.175293 0.621745 0.094727 0.141927
0 0.092285 0.693359 0.092773 0.087240
0 0.742676 0.697266 0.149414 0.157552
0 0.610352 0.862630 0.154297 0.212240
0 0.121094 0.880208 0.093750 0.145833
0 0.939453 0.954427 0.117188 0.091146
0 0.637695 0.140625 0.162109 0.106771
5 0.345703 0.861979 0.234375 0.276042
0 0.066895 0.069010 0.133789 0.106771
0 0.058594 0.199870 0.117188 0.131510
0 0.044434 0.555339 0.088867 0.149740
0 0.019531 0.835286 0.039062 0.128906
0 0.044922 0.949870 0.089844 0.100260
5 0.917480 0.794922 0.161133 0.186198
