0 0.397461 0.150391 0.162109 0.175781
0 0.646973 0.175781 0.114258 0.216146
0 0.767090 0.262370 0.135742 0.149740
0 0.450684 0.335938 0.104492 0.177083
0 0.810547 0.405599 0.148438 0.173177
1 0.595215 0.410156 0.112305 0.179688
0 0.513184 0.419271 0.079102 0.197917
1 0.859863 0.477214 0.088867 0.131510
0 0.750488 0.515625 0.141602 0.187500
0 0.941406 0.542969 0.113281 0.236979
0 0.570312 0.587891 0.148438 0.128906
0 0.828125 0.613281 0.097656 0.135417
0 0.683594 0.705078 0.121094 0.141927
0 0.553223 0.729167 0.131836 0.174479
0 0.800293 0.730469 0.092773 0.132812
0 0.685547 0.832682 0.150391 0.113281
0 0.911621 0.858073 0.120117 0.156250
0 0.655273 0.917969 0.142578 0.132812
0 0.530762 0.121745 0.102539 0.178385
9 0.909668 0.273438 0.147461 0.257812
9 0.324219 0.663411 0.158203 0.282552
0 0.474121 0.026042 0.153320 0.052083
6 0.675293 0.518229 0.067383 0.177083
