1 0.963867 0.229167 0.072266 0.145833
1 0.181152 0.290365 0.133789 0.140625
0 0.464844 0.479818 0.082031 0.128906
0 0.695801 0.522786 0.151367 0.149740
0 0.572754 0.602214 0.120117 0.123698
0 0.438477 0.628255 0.152344 0.144531
1 0.600586 0.811198 0.105469 0.111979
1 0.343262 0.816406 0.122070 0.125000
1 0.084473 0.822917 0.139648 0.117188
0 0.329590 0.941406 0.139648 0.117188
1 0.226074 0.117188 0.086914 0.140625
1 0.135742 0.128255 0.076172 0.141927
1 0.038574 0.147135 0.077148 0.075521
1 0.155762 0.022135 0.096680 0.044271
1 0.903320 0.031901 0.134766 0.063802
