0 0.449219 0.152344 0.101562 0.122396
0 0.734375 0.254557 0.078125 0.128906
0 0.352051 0.258464 0.096680 0.110677
0 0.659668 0.266927 0.090820 0.109375
0 0.363281 0.367188 0.111328 0.125000
0 0.633789 0.395833 0.101562 0.104167
0 0.312988 0.503906 0.088867 0.101562
0 0.404297 0.507161 0.095703 0.105469
0 0.734863 0.510417 0.104492 0.153646
0 0.588379 0.526693 0.102539 0.121094
0 0.359863 0.626302 0.084961 0.098958
0 0.919434 0.627604 0.098633 0.117188
0 0.668945 0.655599 0.115234 0.095052
0 0.556641 0.686198 0.080078 0.130208
0 0.386719 0.733073 0.093750 0.106771
0 0.292480 0.744792 0.100586 0.125000
0 0.471191 0.812500 0.090820 0.148438
0 0.226074 0.902344 0.133789 0.192708
0 0.406738 0.929036 0.118164 0.126302
0 0.870605 0.115234 0.098633 0.147135
0 0.813965 0.375000 0.069336 0.106771
0 0.768555 0.092448 0.083984 0.148438
9 0.538086 0.325521 0.156250 0.171875
9 0.121582 0.520182 0.243164 0.410156
