0 0.172852 0.190755 0.113281 0.162760
0 0.056641 0.270182 0.109375 0.188802
5 0.486328 0.272135 0.091797 0.114583
5 0.235840 0.292969 0.100586 0.151042
0 0.391113 0.322917 0.116211 0.101562
5 0.592773 0.354818 0.115234 0.131510
0 0.317383 0.383464 0.121094 0.121094
1 0.624512 0.443359 0.104492 0.108073
0 0.411133 0.488932 0.113281 0.141927
0 0.216309 0.524089 0.131836 0.167969
5 0.498047 0.533203 0.123047 0.141927
0 0.328613 0.544271 0.108398 0.132812
0 0.642090 0.656901 0.149414 0.222656
0 0.883301 0.664062 0.094727 0.148438
0 0.523926 0.666667 0.086914 0.166667
0 0.333984 0.701172 0.123047 0.180990
0 0.441406 0.738932 0.095703 0.191406
1 0.897461 0.772786 0.072266 0.105469
1 0.953613 0.878906 0.084961 0.096354
5 0.179688 0.885417 0.171875 0.205729
1 0.090820 0.072917 0.070312 0.067708
1 0.196289 0.020182 0.115234 0.040365
0 0.029785 0.783203 0.059570 0.123698
5 0.496094 0.150391 0.078125 0.115885
0 0.440918 0.106120 0.094727 0.118490
5 0.585449 0.060547 0.096680 0.113281
0 0.722168 0.057943 0.131836 0.108073
0 0.048340 0.688151 0.096680 0.110677
1 0.378906 0.843750 0.087891 0.091146
1 0.478027 0.871745 0.090820 0.079427
1 0.514160 0.936849 0.084961 0.113281
1 0.608398 0.934245 0.107422 0.131510
0 0.781738 0.205729 0.081055 0.127604
