1 0.629395 0.132812 0.116211 0.182292
1 0.564941 0.222656 0.088867 0.122396
1 0.111816 0.276042 0.163086 0.197917
1 0.460449 0.308594 0.165039 0.158854
1 0.249512 0.432292 0.079102 0.114583
1 0.373535 0.471354 0.163086 0.223958
1 0.622559 0.472656 0.176758 0.153646
1 0.218262 0.535156 0.083008 0.143229
1 0.539551 0.643229 0.120117 0.130208
1 0.072754 0.686198 0.131836 0.117188
1 0.349121 0.709635 0.118164 0.164062
1 0.564941 0.790365 0.151367 0.195312
1 0.225098 0.795573 0.100586 0.143229
1 0.082520 0.119792 0.077148 0.093750
1 0.327637 0.063802 0.075195 0.122396
1 0.022461 0.086589 0.044922 0.102865
1 0.033691 0.262370 0.067383 0.108073
1 0.108398 0.774089 0.058594 0.147135
1 0.377441 0.865885 0.069336 0.093750
1 0.329102 0.945312 0.097656 0.072917
1 0.307617 0.839193 0.083984 0.097656
1 0.208984 0.964844 0.082031 0.070312
1 0.121582 0.962240 0.083008 0.075521
1 0.231445 0.671875 0.095703 0.122396
1 0.276855 0.507161 0.051758 0.069010
1 0.468262 0.578776 0.081055 0.087240
1 0.550781 0.553385 0.072266 0.080729
1 0.750488 0.574870 0.092773 0.079427
1 0.742188 0.434896 0.066406 0.104167
1 0.586426 0.351562 0.065430 0.049479
1 0.869629 0.507812 0.061523 0.114583
1 0.232910 0.285807 0.081055 0.061198
1 0.209473 0.375651 0.043945 0.089844
