0 0.600098 0.173828 0.112305 0.118490
0 0.892578 0.192057 0.140625 0.131510
0 0.743164 0.202474 0.091797 0.141927
0 0.890137 0.313151 0.145508 0.110677
0 0.276367 0.337240 0.093750 0.205729
0 0.838867 0.449219 0.093750 0.145833
0 0.175781 0.455078 0.156250 0.170573
0 0.755371 0.376302 0.088867 0.161458
0 0.471680 0.571615 0.132812 0.151042
0 0.337891 0.495443 0.138672 0.121094
0 0.902344 0.595052 0.101562 0.143229
0 0.345215 0.766276 0.268555 0.136719
0 0.807129 0.835938 0.122070 0.164062
0 0.357910 0.091146 0.161133 0.171875
0 0.648438 0.068359 0.103516 0.121094
0 0.341797 0.574219 0.132812 0.125000
0 0.338379 0.670573 0.131836 0.114583
