0 0.082031 0.287109 0.123047 0.139323
1 0.507812 0.410156 0.072266 0.083333
0 0.391113 0.416016 0.079102 0.154948
1 0.296875 0.475911 0.113281 0.092448
0 0.289551 0.585286 0.071289 0.100260
1 0.126465 0.595703 0.063477 0.100260
1 0.086914 0.603516 0.134766 0.173177
1 0.420410 0.608073 0.073242 0.091146
1 0.659668 0.632812 0.057617 0.109375
1 0.730957 0.634115 0.075195 0.140625
1 0.186035 0.649740 0.065430 0.109375
1 0.460449 0.679688 0.069336 0.119792
1 0.576660 0.747396 0.094727 0.122396
1 0.043457 0.820312 0.061523 0.098958
1 0.437988 0.822266 0.075195 0.118490
1 0.803223 0.837240 0.081055 0.091146
0 0.727051 0.850911 0.079102 0.128906
1 0.509277 0.893880 0.079102 0.131510
1 0.076660 0.930990 0.147461 0.138021
