0 0.643066 0.302734 0.118164 0.141927
0 0.746582 0.368490 0.090820 0.098958
0 0.447266 0.420573 0.097656 0.132812
0 0.764160 0.457682 0.081055 0.084635
0 0.554199 0.479167 0.084961 0.117188
0 0.697266 0.488281 0.126953 0.143229
0 0.331055 0.497396 0.128906 0.164062
0 0.907227 0.539062 0.144531 0.216146
0 0.459961 0.555339 0.105469 0.139323
0 0.612305 0.567057 0.107422 0.115885
0 0.739746 0.602214 0.094727 0.115885
0 0.520508 0.712240 0.089844 0.130208
0 0.679688 0.731120 0.097656 0.128906
0 0.672363 0.854167 0.131836 0.135417
0 0.886719 0.888021 0.126953 0.182292
0 0.773438 0.563151 0.078125 0.105469
0 0.599609 0.695312 0.062500 0.117188
