0 0.895020 0.149089 0.125977 0.147135
0 0.758301 0.194661 0.118164 0.157552
0 0.625977 0.318359 0.121094 0.201823
0 0.726562 0.344401 0.093750 0.149740
0 0.923340 0.353516 0.120117 0.188802
0 0.494141 0.430339 0.134766 0.207031
0 0.708496 0.478516 0.104492 0.123698
0 0.294434 0.539714 0.143555 0.188802
0 0.698730 0.593750 0.108398 0.125000
0 0.814453 0.602865 0.111328 0.179688
0 0.100098 0.682943 0.118164 0.152344
0 0.422363 0.703125 0.153320 0.122396
0 0.313965 0.773438 0.088867 0.130208
0 0.693848 0.872396 0.204102 0.210938
0 0.289551 0.923177 0.196289 0.140625
1 0.832031 0.931641 0.136719 0.136719
9 0.147949 0.421875 0.172852 0.171875
9 0.288574 0.077474 0.141602 0.154948
0 0.849121 0.024740 0.194336 0.049479
9 0.490234 0.958333 0.164062 0.083333
