1 0.726562 0.145833 0.099609 0.156250
1 0.829102 0.187500 0.126953 0.098958
1 0.422852 0.191406 0.113281 0.169271
1 0.266113 0.201823 0.108398 0.174479
1 0.949707 0.212240 0.100586 0.213542
1 0.604004 0.215495 0.139648 0.134115
1 0.135742 0.248698 0.091797 0.218750
1 0.718750 0.272135 0.167969 0.111979
1 0.553711 0.292318 0.117188 0.139323
1 0.369141 0.331380 0.109375 0.128906
1 0.220703 0.349609 0.125000 0.123698
1 0.659668 0.367188 0.124023 0.156250
1 0.780762 0.386719 0.100586 0.213542
1 0.898926 0.393880 0.098633 0.152344
1 0.547852 0.409505 0.121094 0.154948
1 0.436035 0.437500 0.118164 0.093750
1 0.978027 0.451823 0.043945 0.164062
1 0.255371 0.451823 0.112305 0.106771
1 0.148438 0.488281 0.093750 0.200521
1 0.717773 0.492839 0.072266 0.126302
1 0.481934 0.501953 0.094727 0.113281
1 0.377441 0.526042 0.092773 0.135417
1 0.933594 0.542969 0.087891 0.127604
1 0.757324 0.544922 0.073242 0.147135
1 0.557617 0.550781 0.089844 0.151042
1 0.329590 0.574870 0.110352 0.157552
1 0.218262 0.578125 0.114258 0.171875
1 0.654785 0.598307 0.079102 0.126302
1 0.970703 0.634766 0.050781 0.144531
1 0.954590 0.064453 0.090820 0.087240
1 0.907227 0.639323 0.099609 0.088542
1 0.829102 0.669271 0.083984 0.119792
1 0.723145 0.678385 0.079102 0.111979
1 0.616699 0.695312 0.110352 0.132812
1 0.209473 0.702474 0.118164 0.191406
1 0.964355 0.713542 0.071289 0.111979
1 0.568359 0.770182 0.126953 0.139323
1 0.764160 0.785156 0.122070 0.151042
1 0.161621 0.787760 0.096680 0.182292
1 0.479980 0.789714 0.100586 0.100260
1 0.389648 0.809245 0.109375 0.126302
1 0.872070 0.834635 0.085938 0.187500
1 0.657715 0.865885 0.102539 0.122396
1 0.601074 0.913411 0.065430 0.121094
1 0.436035 0.914062 0.088867 0.114583
1 0.514648 0.927083 0.097656 0.145833
1 0.702148 0.965495 0.212891 0.069010
1 0.654297 0.107422 0.078125 0.186198
1 0.053711 0.505208 0.107422 0.125000
1 0.050781 0.635417 0.101562 0.143229
1 0.040039 0.789714 0.080078 0.115885
1 0.026367 0.382161 0.052734 0.144531
1 0.552734 0.079427 0.113281 0.138021
1 0.513672 0.632812 0.093750 0.143229
