0 0.620605 0.193359 0.122070 0.199219
0 0.834473 0.231771 0.122070 0.179688
1 0.387207 0.411458 0.155273 0.161458
1 0.545410 0.375000 0.163086 0.213542
1 0.263184 0.379557 0.090820 0.108073
9 0.790039 0.407552 0.177734 0.231771
1 0.180176 0.410807 0.083008 0.147135
9 0.064941 0.428385 0.124023 0.208333
1 0.273438 0.516927 0.103516 0.145833
9 0.609375 0.574870 0.085938 0.131510
1 0.403320 0.589193 0.169922 0.209635
1 0.559082 0.635417 0.084961 0.091146
1 0.734863 0.672526 0.090820 0.180990
1 0.127930 0.722656 0.154297 0.174479
1 0.541016 0.765625 0.146484 0.169271
1 0.249512 0.839844 0.143555 0.114583
1 0.348145 0.105469 0.198242 0.114583
9 0.873047 0.757161 0.148438 0.196615
1 0.416504 0.298177 0.143555 0.091146
9 0.677246 0.605469 0.079102 0.164062
9 0.093750 0.553385 0.187500 0.138021
