2 0.961426 0.192057 0.077148 0.134115
1 0.470703 0.201823 0.076172 0.114583
2 0.617676 0.208333 0.131836 0.138021
1 0.341797 0.234375 0.080078 0.085938
1 0.855957 0.253906 0.106445 0.109375
1 0.074219 0.257812 0.097656 0.098958
4 0.231445 0.261068 0.093750 0.089844
1 0.472168 0.289062 0.143555 0.062500
1 0.932617 0.328125 0.082031 0.078125
1 0.156250 0.329427 0.097656 0.098958
1 0.778809 0.394531 0.165039 0.117188
1 0.888184 0.395833 0.092773 0.093750
1 0.578125 0.412109 0.082031 0.092448
1 0.340820 0.444010 0.169922 0.145833
1 0.456543 0.451172 0.102539 0.105469
1 0.679199 0.462240 0.088867 0.085938
1 0.049805 0.485677 0.095703 0.098958
1 0.596191 0.505208 0.125977 0.057292
1 0.223633 0.541667 0.111328 0.145833
1 0.474121 0.548177 0.122070 0.117188
1 0.153809 0.557292 0.096680 0.078125
2 0.722656 0.574870 0.123047 0.087240
1 0.646973 0.614583 0.083008 0.083333
1 0.886230 0.640625 0.116211 0.158854
0 0.072754 0.654948 0.096680 0.109375
1 0.293457 0.673177 0.122070 0.117188
1 0.406738 0.070312 0.129883 0.114583
2 0.414551 0.750651 0.116211 0.105469
1 0.724121 0.739583 0.168945 0.153646
2 0.588379 0.781250 0.100586 0.106771
1 0.843262 0.789062 0.092773 0.093750
1 0.509277 0.793620 0.083008 0.115885
1 0.562500 0.071615 0.091797 0.070312
1 0.296875 0.821615 0.105469 0.091146
2 0.051758 0.824219 0.097656 0.125000
2 0.145508 0.834635 0.099609 0.148438
1 0.628906 0.873698 0.105469 0.091146
1 0.350586 0.914062 0.105469 0.091146
1 0.818359 0.925130 0.111328 0.149740
1 0.069336 0.925130 0.121094 0.082031
1 0.474609 0.930990 0.105469 0.091146
1 0.719238 0.954427 0.088867 0.091146
1 0.923340 0.960938 0.086914 0.078125
1 0.631348 0.964844 0.141602 0.070312
1 0.051758 0.343099 0.103516 0.087240
0 0.975098 0.429688 0.049805 0.111979
2 0.315918 0.983073 0.096680 0.033854
1 0.554688 0.716146 0.062500 0.101562
1 0.485840 0.039714 0.071289 0.079427
1 0.936035 0.046224 0.127930 0.092448
