1 0.042480 0.132812 0.083008 0.125000
0 0.705566 0.207031 0.108398 0.187500
1 0.500000 0.307292 0.089844 0.104167
0 0.612305 0.356771 0.101562 0.145833
0 0.430664 0.358724 0.093750 0.136719
6 0.789062 0.388672 0.080078 0.136719
1 0.218262 0.393880 0.106445 0.144531
0 0.346680 0.408854 0.113281 0.151042
0 0.540039 0.466146 0.132812 0.111979
0 0.961914 0.506510 0.074219 0.151042
0 0.708496 0.524089 0.086914 0.149740
0 0.828125 0.532552 0.107422 0.151042
0 0.415039 0.583984 0.083984 0.154948
0 0.600586 0.604167 0.105469 0.156250
0 0.329102 0.652995 0.097656 0.152344
0 0.731445 0.659505 0.121094 0.126302
0 0.454102 0.696615 0.128906 0.111979
6 0.659180 0.727214 0.091797 0.108073
0 0.594727 0.073568 0.103516 0.126302
0 0.561523 0.755208 0.113281 0.174479
4 0.425781 0.821615 0.136719 0.179688
1 0.294922 0.863932 0.144531 0.139323
1 0.647461 0.891276 0.105469 0.196615
0 0.533203 0.927734 0.109375 0.141927
9 0.930176 0.688151 0.069336 0.092448
9 0.982910 0.705078 0.034180 0.136719
0 0.048340 0.675130 0.096680 0.186198
0 0.027344 0.953125 0.054688 0.093750
0 0.796875 0.058594 0.091797 0.117188
0 0.035645 0.372396 0.071289 0.166667
9 0.325684 0.289714 0.131836 0.105469
9 0.835938 0.223958 0.169922 0.223958
9 0.979980 0.091146 0.040039 0.164062
