2 0.236328 0.232422 0.126953 0.126302
1 0.445312 0.296875 0.121094 0.117188
1 0.237793 0.354818 0.151367 0.084635
1 0.617676 0.402344 0.090820 0.111979
2 0.683105 0.498698 0.120117 0.119792
2 0.855469 0.520182 0.128906 0.121094
1 0.340820 0.569661 0.119141 0.131510
2 0.735840 0.589844 0.108398 0.127604
2 0.541016 0.617839 0.158203 0.141927
2 0.886230 0.661458 0.127930 0.119792
1 0.238281 0.690104 0.109375 0.122396
1 0.581543 0.736328 0.112305 0.092448
1 0.264648 0.825521 0.109375 0.122396
1 0.687988 0.848958 0.114258 0.125000
2 0.557129 0.851562 0.118164 0.098958
2 0.895996 0.882812 0.153320 0.119792
2 0.055176 0.915365 0.104492 0.158854
3 0.404785 0.061849 0.186523 0.115885
9 0.768555 0.358073 0.134766 0.109375
2 0.170898 0.930990 0.126953 0.138021
2 0.436035 0.893880 0.116211 0.144531
2 0.935059 0.791667 0.124023 0.117188
2 0.816895 0.559896 0.141602 0.151042
2 0.774414 0.914062 0.117188 0.052083
9 0.761719 0.729167 0.138672 0.106771
1 0.517090 0.772786 0.081055 0.105469
1 0.484375 0.953125 0.136719 0.093750
9 0.426758 0.757812 0.083984 0.127604
1 0.063477 0.777995 0.109375 0.105469
1 0.057129 0.671875 0.114258 0.177083
9 0.978027 0.455729 0.043945 0.161458
9 0.733398 0.222656 0.113281 0.111979
1 0.541504 0.353516 0.104492 0.108073
9 0.938477 0.328125 0.123047 0.140625
