1 0.687012 0.237630 0.155273 0.147135
1 0.137207 0.248047 0.145508 0.121094
1 0.420410 0.286458 0.122070 0.145833
1 0.172363 0.330729 0.209961 0.130208
2 0.564941 0.381510 0.155273 0.148438
2 0.770996 0.390625 0.172852 0.166667
1 0.333008 0.418620 0.115234 0.144531
1 0.932617 0.401693 0.134766 0.178385
1 0.887207 0.414062 0.120117 0.130208
2 0.635254 0.429688 0.149414 0.145833
4 0.511719 0.500651 0.101562 0.102865
1 0.727051 0.513672 0.118164 0.118490
2 0.437500 0.518229 0.128906 0.171875
4 0.056152 0.531250 0.108398 0.106771
1 0.828613 0.578125 0.096680 0.156250
2 0.281738 0.600911 0.143555 0.212240
2 0.517578 0.638672 0.123047 0.105469
1 0.926270 0.647135 0.116211 0.169271
1 0.401855 0.653646 0.112305 0.127604
1 0.546387 0.749349 0.104492 0.108073
1 0.076660 0.751302 0.151367 0.111979
1 0.430664 0.774089 0.123047 0.110677
2 0.804688 0.777995 0.111328 0.123698
1 0.677246 0.839844 0.137695 0.184896
2 0.853027 0.852865 0.120117 0.114583
1 0.948242 0.869141 0.093750 0.147135
1 0.319824 0.939453 0.174805 0.121094
1 0.068359 0.970052 0.091797 0.059896
1 0.113281 0.125000 0.121094 0.166667
1 0.045898 0.668620 0.091797 0.102865
1 0.315918 0.046875 0.143555 0.093750
1 0.627930 0.539714 0.080078 0.110677
1 0.378906 0.455729 0.082031 0.088542
1 0.447754 0.361979 0.106445 0.093750
1 0.559082 0.299479 0.139648 0.083333
