1 0.571289 0.141927 0.095703 0.109375
0 0.797852 0.169271 0.091797 0.130208
0 0.501465 0.220052 0.118164 0.177083
0 0.681152 0.220052 0.086914 0.148438
0 0.598145 0.236328 0.079102 0.144531
0 0.924805 0.283854 0.148438 0.127604
0 0.785156 0.295573 0.089844 0.122396
0 0.458984 0.371094 0.126953 0.119792
1 0.057129 0.371094 0.081055 0.117188
5 0.167969 0.380208 0.125000 0.197917
0 0.715332 0.380208 0.094727 0.145833
1 0.937988 0.402344 0.124023 0.127604
0 0.572754 0.436849 0.106445 0.134115
1 0.424805 0.458984 0.101562 0.092448
1 0.081543 0.544271 0.063477 0.104167
1 0.418945 0.545573 0.091797 0.119792
0 0.792969 0.572266 0.171875 0.154948
0 0.625977 0.591797 0.142578 0.212240
5 0.162109 0.600260 0.093750 0.242188
5 0.957520 0.626302 0.084961 0.195312
0 0.345215 0.680990 0.170898 0.138021
1 0.403809 0.075521 0.139648 0.125000
0 0.592773 0.789714 0.136719 0.209635
5 0.918457 0.816406 0.163086 0.216146
5 0.371582 0.818359 0.174805 0.123698
1 0.169434 0.912760 0.108398 0.104167
1 0.090820 0.957031 0.111328 0.085938
0 0.904297 0.098307 0.099609 0.152344
1 0.181152 0.108724 0.086914 0.139323
9 0.899902 0.196615 0.118164 0.049479
9 0.969238 0.138672 0.028320 0.110677
5 0.059570 0.248698 0.099609 0.132812
0 0.248535 0.785807 0.073242 0.102865
9 0.701172 0.828125 0.078125 0.216146
