0 0.370605 0.151693 0.114258 0.152344
0 0.967773 0.161458 0.064453 0.192708
0 0.690918 0.162109 0.106445 0.165365
0 0.686523 0.167969 0.097656 0.192708
0 0.261719 0.283203 0.103516 0.141927
0 0.387207 0.340495 0.124023 0.134115
0 0.265137 0.405599 0.118164 0.110677
0 0.637695 0.510417 0.095703 0.166667
0 0.776855 0.574870 0.067383 0.173177
0 0.448242 0.576172 0.087891 0.136719
0 0.234375 0.593099 0.175781 0.235677
0 0.329590 0.771484 0.110352 0.149740
0 0.395020 0.912109 0.112305 0.141927
0 0.395020 0.442708 0.102539 0.111979
0 0.530273 0.162760 0.099609 0.135417
0 0.548340 0.072266 0.127930 0.100260
0 0.689941 0.363932 0.149414 0.134115
