0 0.142090 0.247396 0.092773 0.145833
1 0.255859 0.250000 0.111328 0.182292
2 0.379883 0.272135 0.126953 0.169271
2 0.884277 0.277344 0.133789 0.195312
2 0.585449 0.351562 0.127930 0.184896
0 0.070801 0.376302 0.096680 0.151042
0 0.319824 0.501302 0.137695 0.192708
0 0.213867 0.513021 0.080078 0.174479
0 0.132812 0.055339 0.099609 0.108073
0 0.082520 0.616536 0.104492 0.134115
1 0.109375 0.748698 0.146484 0.138021
2 0.673340 0.864583 0.161133 0.177083
9 0.560547 0.580078 0.246094 0.173177
9 0.279297 0.899089 0.136719 0.201823
9 0.088867 0.915365 0.177734 0.169271
2 0.036133 0.794271 0.072266 0.190104
9 0.232422 0.632161 0.076172 0.084635
9 0.454590 0.673177 0.108398 0.138021
