2 0.929199 0.174479 0.100586 0.143229
2 0.686523 0.192057 0.105469 0.178385
2 0.480469 0.239583 0.099609 0.140625
1 0.233887 0.371094 0.092773 0.169271
0 0.656738 0.561849 0.110352 0.175781
0 0.539062 0.059896 0.064453 0.080729
2 0.279785 0.619141 0.112305 0.128906
0 0.913574 0.694661 0.112305 0.170573
2 0.297363 0.862630 0.106445 0.149740
0 0.093750 0.933594 0.091797 0.130208
0 0.055176 0.129557 0.100586 0.157552
0 0.220703 0.787760 0.140625 0.138021
0 0.045898 0.608073 0.091797 0.218750
9 0.789551 0.632161 0.186523 0.373698
9 0.342285 0.276042 0.118164 0.195312
9 0.319824 0.481771 0.213867 0.166667
9 0.531738 0.886068 0.053711 0.113281
0 0.444336 0.936198 0.119141 0.127604
9 0.543945 0.156901 0.148438 0.102865
