1 0.549316 0.166016 0.090820 0.074219
1 0.456055 0.173828 0.076172 0.100260
1 0.246094 0.231120 0.126953 0.105469
1 0.643555 0.279297 0.126953 0.105469
1 0.946777 0.339844 0.096680 0.096354
1 0.862793 0.388021 0.057617 0.062500
1 0.756348 0.388672 0.090820 0.079427
1 0.107910 0.392578 0.079102 0.108073
1 0.967285 0.425781 0.063477 0.106771
1 0.225586 0.425781 0.074219 0.078125
1 0.665039 0.440755 0.082031 0.079427
1 0.859375 0.440755 0.068359 0.074219
1 0.537598 0.451823 0.096680 0.070312
1 0.296875 0.456380 0.095703 0.084635
1 0.781250 0.457031 0.101562 0.062500
1 0.447754 0.048177 0.108398 0.091146
1 0.108398 0.482422 0.078125 0.087240
1 0.360840 0.488932 0.071289 0.115885
1 0.502441 0.497396 0.084961 0.070312
1 0.701660 0.502604 0.059570 0.083333
1 0.594238 0.507812 0.067383 0.062500
1 0.239746 0.518229 0.069336 0.083333
1 0.746582 0.519531 0.061523 0.080729
1 0.808105 0.524740 0.069336 0.083333
1 0.527344 0.548177 0.095703 0.078125
1 0.243164 0.593099 0.085938 0.071615
1 0.893555 0.616536 0.126953 0.105469
1 0.089844 0.642578 0.078125 0.087240
1 0.493164 0.658203 0.126953 0.105469
1 0.786133 0.677734 0.126953 0.105469
1 0.204102 0.682943 0.126953 0.105469
1 0.090332 0.725260 0.096680 0.096354
1 0.483887 0.113281 0.081055 0.059896
1 0.622559 0.121094 0.081055 0.070312
1 0.025391 0.126953 0.050781 0.089844
1 0.034668 0.023438 0.069336 0.046875
1 0.038574 0.414714 0.077148 0.100260
1 0.025391 0.492839 0.050781 0.045573
