0 0.531738 0.135417 0.071289 0.114583
0 0.240234 0.161458 0.117188 0.174479
0 0.563965 0.229167 0.106445 0.080729
0 0.394531 0.243490 0.089844 0.132812
1 0.810059 0.302083 0.084961 0.122396
0 0.577148 0.367188 0.078125 0.111979
0 0.486816 0.377604 0.092773 0.151042
1 0.379883 0.393229 0.109375 0.101562
0 0.762207 0.395833 0.102539 0.096354
0 0.924316 0.446615 0.141602 0.177083
0 0.568848 0.492839 0.100586 0.139323
0 0.431152 0.507161 0.088867 0.108073
1 0.267578 0.520182 0.115234 0.105469
0 0.804688 0.590495 0.150391 0.188802
0 0.389648 0.720703 0.097656 0.134115
1 0.562988 0.806641 0.096680 0.160156
0 0.381348 0.856771 0.166992 0.140625
0 0.704102 0.091146 0.097656 0.143229
0 0.730957 0.904948 0.075195 0.153646
0 0.796387 0.096354 0.081055 0.158854
0 0.250488 0.962240 0.122070 0.075521
0 0.088379 0.100260 0.094727 0.161458
0 0.859863 0.110677 0.106445 0.104167
6 0.666504 0.600911 0.061523 0.102865
6 0.589355 0.572917 0.067383 0.083333
6 0.520996 0.578776 0.071289 0.097656
1 0.023926 0.690104 0.047852 0.164062
9 0.591309 0.929036 0.063477 0.092448
6 0.672852 0.880208 0.060547 0.093750
6 0.861816 0.357422 0.061523 0.066406
0 0.457031 0.103516 0.107422 0.136719
6 0.330566 0.220052 0.049805 0.096354
6 0.299805 0.296224 0.058594 0.079427
9 0.465820 0.638021 0.083984 0.098958
9 0.418945 0.583333 0.111328 0.083333
9 0.441406 0.276693 0.070312 0.134115
0 0.735840 0.309245 0.086914 0.095052
9 0.643555 0.419271 0.097656 0.177083
9 0.661133 0.535807 0.119141 0.066406
9 0.719727 0.461589 0.068359 0.118490
0 0.673340 0.283203 0.081055 0.147135
5 0.940918 0.263672 0.086914 0.209635
9 0.860352 0.212891 0.097656 0.128906
9 0.938477 0.152344 0.111328 0.130208
9 0.604492 0.730469 0.115234 0.148438
9 0.496094 0.763672 0.050781 0.121094
0 0.058105 0.892578 0.116211 0.149740
0 0.045898 0.327474 0.091797 0.180990
0 0.030762 0.184245 0.061523 0.131510
0 0.033691 0.068359 0.067383 0.121094
0 0.189453 0.055990 0.078125 0.101562
9 0.480469 0.960286 0.101562 0.079427
