0 0.670410 0.170573 0.106445 0.135417
5 0.130371 0.242839 0.094727 0.199219
5 0.265137 0.283854 0.124023 0.111979
0 0.574219 0.365885 0.095703 0.114583
5 0.293457 0.415365 0.129883 0.164062
0 0.063965 0.427083 0.110352 0.127604
5 0.392578 0.444010 0.072266 0.174479
0 0.181641 0.476562 0.097656 0.104167
0 0.542969 0.501953 0.089844 0.123698
0 0.229004 0.582031 0.159180 0.138021
0 0.069824 0.721354 0.084961 0.125000
0 0.201172 0.796224 0.107422 0.131510
0 0.093262 0.825521 0.108398 0.106771
0 0.755859 0.830078 0.187500 0.144531
0 0.339355 0.833984 0.108398 0.152344
0 0.159180 0.920573 0.083984 0.106771
0 0.260254 0.093099 0.102539 0.154948
2 0.767090 0.927734 0.131836 0.144531
0 0.594238 0.945312 0.094727 0.098958
0 0.797852 0.101562 0.105469 0.143229
0 0.035645 0.165365 0.071289 0.182292
0 0.020020 0.333333 0.040039 0.143229
9 0.469727 0.246094 0.179688 0.203125
9 0.826172 0.305990 0.117188 0.148438
9 0.776855 0.492839 0.245117 0.233073
9 0.958496 0.732422 0.083008 0.191406
0 0.592285 0.033854 0.137695 0.067708
0 0.088867 0.524740 0.113281 0.132812
0 0.854004 0.958333 0.110352 0.083333
0 0.940918 0.976562 0.088867 0.046875
