1 0.427734 0.147135 0.158203 0.174479
1 0.139160 0.227865 0.139648 0.117188
5 0.415039 0.444661 0.244141 0.269531
0 0.842285 0.478516 0.176758 0.196615
3 0.624023 0.520182 0.117188 0.170573
1 0.938965 0.558594 0.112305 0.148438
1 0.791016 0.643229 0.144531 0.140625
1 0.337402 0.684896 0.198242 0.179688
1 0.475098 0.729167 0.118164 0.145833
1 0.466797 0.912109 0.154297 0.173177
1 0.615723 0.061198 0.090820 0.122396
1 0.442383 0.028646 0.103516 0.054688
9 0.754883 0.139323 0.158203 0.174479
9 0.892090 0.086589 0.083008 0.095052
9 0.044434 0.087891 0.088867 0.154948
