0 0.486328 0.197266 0.128906 0.139323
0 0.625000 0.198568 0.160156 0.180990
0 0.859375 0.230469 0.160156 0.192708
0 0.424316 0.295573 0.112305 0.130208
0 0.686035 0.364583 0.086914 0.091146
0 0.308105 0.417969 0.086914 0.114583
0 0.062500 0.445312 0.119141 0.179688
0 0.896973 0.494792 0.094727 0.164062
0 0.388672 0.588542 0.121094 0.096354
0 0.092773 0.620443 0.062500 0.100260
0 0.186523 0.645833 0.140625 0.169271
0 0.579102 0.665365 0.117188 0.135417
0 0.472168 0.742839 0.098633 0.108073
0 0.286621 0.757812 0.106445 0.179688
0 0.132812 0.807292 0.113281 0.153646
0 0.310547 0.914714 0.119141 0.128906
0 0.199707 0.935547 0.100586 0.128906
6 0.389648 0.506510 0.074219 0.083333
6 0.540039 0.570312 0.066406 0.062500
6 0.653320 0.525391 0.062500 0.102865
6 0.585449 0.774089 0.063477 0.074219
6 0.401367 0.838542 0.062500 0.072917
6 0.720703 0.913411 0.066406 0.118490
6 0.702637 0.748047 0.075195 0.082031
6 0.964355 0.674479 0.071289 0.093750
6 0.241211 0.447266 0.064453 0.071615
1 0.283203 0.116536 0.123047 0.095052
0 0.048340 0.219401 0.096680 0.141927
0 0.636719 0.334635 0.119141 0.085938
9 0.440430 0.462240 0.121094 0.067708
0 0.274414 0.225911 0.119141 0.110677
0 0.279785 0.348307 0.108398 0.121094
6 0.940918 0.043620 0.071289 0.084635
1 0.225098 0.797526 0.065430 0.113281
6 0.298828 0.599609 0.072266 0.074219
0 0.100098 0.964193 0.120117 0.071615
0 0.106934 0.902344 0.110352 0.093750
0 0.455078 0.889323 0.128906 0.106771
0 0.651855 0.960286 0.090820 0.079427
9 0.153320 0.232422 0.115234 0.180990
0 0.748535 0.402344 0.131836 0.125000
0 0.628906 0.787760 0.074219 0.132812
9 0.763672 0.539062 0.097656 0.114583
9 0.780762 0.641276 0.209961 0.115885
9 0.881348 0.801432 0.237305 0.173177
0 0.851562 0.949219 0.146484 0.101562
9 0.312012 0.043620 0.149414 0.087240
9 0.440430 0.953776 0.234375 0.092448
9 0.488281 0.618490 0.097656 0.122396
9 0.222656 0.306641 0.056641 0.165365
0 0.968750 0.187500 0.062500 0.218750
0 0.023438 0.661458 0.046875 0.205729
9 0.357422 0.699870 0.085938 0.100260
9 0.401367 0.778646 0.107422 0.067708
1 0.271973 0.547526 0.135742 0.076823
8 0.361328 0.222656 0.064453 0.059896
