1 0.205566 0.136719 0.116211 0.140625
0 0.081055 0.196615 0.111328 0.130208
0 0.538574 0.220703 0.094727 0.196615
0 0.709473 0.279948 0.098633 0.151042
0 0.176758 0.292318 0.083984 0.178385
0 0.123535 0.441406 0.124023 0.140625
0 0.582031 0.445964 0.121094 0.167969
0 0.729492 0.460286 0.113281 0.173177
0 0.218262 0.541016 0.131836 0.165365
0 0.113281 0.556641 0.115234 0.118490
0 0.328613 0.597656 0.112305 0.140625
0 0.749512 0.624349 0.299805 0.173177
2 0.450684 0.641276 0.106445 0.292969
1 0.941406 0.752604 0.111328 0.125000
0 0.196289 0.828125 0.093750 0.117188
0 0.378418 0.829427 0.102539 0.164062
2 0.477539 0.871745 0.113281 0.173177
0 0.709473 0.093750 0.172852 0.169271
2 0.583496 0.128255 0.124023 0.144531
0 0.184082 0.718099 0.135742 0.170573
1 0.937988 0.044271 0.124023 0.088542
9 0.967773 0.911458 0.064453 0.161458
