5 0.160156 0.144531 0.162109 0.265625
7 0.404785 0.308594 0.276367 0.174479
0 0.641602 0.417969 0.132812 0.125000
0 0.533203 0.451172 0.089844 0.136719
5 0.099609 0.453125 0.140625 0.164062
5 0.414062 0.459635 0.152344 0.132812
5 0.282227 0.518229 0.119141 0.247396
0 0.653809 0.580729 0.127930 0.192708
5 0.165527 0.589844 0.112305 0.218750
0 0.855957 0.597005 0.200195 0.222656
5 0.324707 0.735677 0.125977 0.158854
5 0.494629 0.764323 0.202148 0.197917
0 0.177734 0.770833 0.152344 0.140625
0 0.690430 0.778646 0.136719 0.203125
0 0.803223 0.839844 0.094727 0.161458
0 0.638672 0.882812 0.072266 0.122396
0 0.355469 0.885417 0.144531 0.164062
0 0.918457 0.922526 0.163086 0.154948
0 0.040039 0.115234 0.080078 0.167969
0 0.041016 0.408854 0.082031 0.130208
0 0.037109 0.621745 0.074219 0.105469
2 0.895996 0.050130 0.147461 0.100260
2 0.502441 0.919271 0.110352 0.135417
0 0.972656 0.673828 0.054688 0.152344
0 0.525391 0.615885 0.158203 0.122396
