8 0.285156 0.154297 0.031250 0.032552
0 0.332520 0.166016 0.084961 0.144531
0 0.423828 0.168620 0.101562 0.121094
0 0.972656 0.181641 0.054688 0.167969
0 0.885742 0.235026 0.125000 0.154948
5 0.360840 0.333984 0.127930 0.105469
5 0.761230 0.333984 0.129883 0.170573
8 0.891113 0.345052 0.081055 0.106771
8 0.069824 0.350911 0.022461 0.029948
0 0.261719 0.352865 0.076172 0.132812
0 0.462891 0.363281 0.080078 0.166667
0 0.549316 0.365885 0.106445 0.164062
0 0.638184 0.421875 0.083008 0.117188
5 0.166016 0.437500 0.148438 0.140625
0 0.370117 0.446615 0.117188 0.127604
5 0.819824 0.492839 0.151367 0.154948
8 0.909668 0.507812 0.055664 0.083333
0 0.531250 0.511068 0.103516 0.141927
0 0.611328 0.513021 0.085938 0.067708
8 0.580566 0.052083 0.061523 0.083333
8 0.981445 0.053385 0.037109 0.057292
0 0.643066 0.569661 0.125977 0.095052
8 0.837891 0.057292 0.029297 0.041667
0 0.178711 0.579427 0.148438 0.140625
0 0.311523 0.593099 0.109375 0.115885
8 0.980957 0.602865 0.038086 0.096354
0 0.476074 0.604167 0.102539 0.111979
8 0.889160 0.614583 0.069336 0.083333
8 0.414062 0.647135 0.056641 0.098958
0 0.646484 0.669271 0.115234 0.117188
0 0.382812 0.673177 0.109375 0.093750
0 0.509766 0.697266 0.101562 0.126302
0 0.063965 0.716797 0.104492 0.134115
0 0.861328 0.725260 0.105469 0.135417
0 0.256836 0.729818 0.056641 0.123698
8 0.416504 0.750000 0.079102 0.065104
5 0.166992 0.767578 0.125000 0.225260
0 0.319824 0.774089 0.104492 0.134115
0 0.906738 0.078776 0.135742 0.134115
0 0.633301 0.805339 0.096680 0.152344
0 0.945312 0.830078 0.093750 0.134115
0 0.743652 0.876302 0.100586 0.143229
8 0.436035 0.921875 0.075195 0.054688
0 0.676270 0.924479 0.092773 0.151042
0 0.971680 0.936198 0.056641 0.127604
0 0.119141 0.939453 0.132812 0.121094
0 0.805176 0.954427 0.098633 0.091146
0 0.869629 0.958333 0.079102 0.083333
0 0.416992 0.959635 0.097656 0.080729
0 0.934570 0.965495 0.072266 0.069010
8 0.431152 0.097656 0.063477 0.101562
8 0.324219 0.101562 0.054688 0.052083
0 0.714844 0.113281 0.169922 0.200521
9 0.385254 0.108724 0.084961 0.076823
0 0.036621 0.839193 0.071289 0.136719
0 0.068359 0.119141 0.101562 0.115885
0 0.419922 0.042969 0.103516 0.080729
