0 0.737305 0.156901 0.103516 0.175781
0 0.469238 0.170573 0.108398 0.111979
0 0.349609 0.214193 0.111328 0.108073
0 0.809570 0.214193 0.115234 0.196615
0 0.539551 0.248047 0.086914 0.121094
0 0.154297 0.254557 0.128906 0.121094
0 0.337402 0.352214 0.094727 0.139323
0 0.150879 0.393229 0.131836 0.138021
0 0.731445 0.404948 0.109375 0.135417
0 0.501953 0.430339 0.117188 0.194010
0 0.269043 0.468750 0.086914 0.138021
0 0.416992 0.541667 0.126953 0.106771
0 0.514648 0.062500 0.128906 0.122396
2 0.663086 0.612630 0.132812 0.173177
0 0.352539 0.613932 0.107422 0.180990
0 0.209961 0.643880 0.111328 0.121094
2 0.585449 0.739583 0.104492 0.187500
0 0.314941 0.751953 0.106445 0.144531
0 0.193359 0.763021 0.140625 0.117188
2 0.739746 0.811198 0.118164 0.151042
2 0.651855 0.816406 0.088867 0.125000
0 0.927246 0.845703 0.098633 0.180990
0 0.195312 0.876953 0.144531 0.126302
0 0.915039 0.089193 0.128906 0.144531
0 0.605469 0.925130 0.078125 0.121094
0 0.429688 0.939453 0.201172 0.121094
2 0.734375 0.944010 0.093750 0.109375
0 0.403320 0.106120 0.117188 0.105469
0 0.119629 0.125651 0.098633 0.128906
2 0.598633 0.125651 0.119141 0.217448
0 0.239258 0.129557 0.142578 0.136719
9 0.822754 0.608073 0.137695 0.416667
9 0.117676 0.898438 0.073242 0.203125
