1 0.472656 0.169922 0.117188 0.131510
0 0.298828 0.209635 0.146484 0.148438
1 0.824219 0.238281 0.115234 0.117188
0 0.438477 0.261068 0.140625 0.139323
0 0.679199 0.307943 0.200195 0.157552
5 0.303223 0.345052 0.153320 0.138021
0 0.446777 0.386068 0.127930 0.165365
0 0.636719 0.487630 0.099609 0.108073
0 0.317871 0.500000 0.110352 0.125000
4 0.540527 0.517578 0.141602 0.126302
0 0.165527 0.520182 0.098633 0.134115
1 0.315918 0.627604 0.110352 0.104167
4 0.473633 0.652995 0.121094 0.170573
1 0.230957 0.680990 0.092773 0.143229
1 0.897949 0.695312 0.133789 0.192708
1 0.167480 0.712240 0.075195 0.143229
1 0.340332 0.725260 0.122070 0.101562
1 0.091797 0.731120 0.093750 0.147135
1 0.060547 0.912109 0.107422 0.136719
1 0.098633 0.298828 0.140625 0.139323
1 0.904785 0.285156 0.102539 0.104167
1 0.377930 0.600260 0.095703 0.132812
0 0.105957 0.468099 0.153320 0.191406
0 0.027344 0.368490 0.054688 0.138021
9 0.533203 0.888021 0.630859 0.223958
9 0.572266 0.748698 0.187500 0.177083
9 0.918457 0.533203 0.163086 0.180990
