0 0.886719 0.131510 0.162109 0.234375
0 0.646973 0.136719 0.106445 0.184896
0 0.586914 0.175130 0.101562 0.139323
0 0.484863 0.272135 0.110352 0.140625
0 0.567383 0.305990 0.154297 0.135417
0 0.699707 0.308594 0.108398 0.148438
5 0.858398 0.378906 0.146484 0.184896
0 0.266113 0.464193 0.190430 0.196615
0 0.496582 0.537760 0.161133 0.127604
0 0.851562 0.606120 0.097656 0.157552
0 0.588867 0.619141 0.144531 0.076823
0 0.386719 0.634766 0.160156 0.139323
0 0.193359 0.667318 0.238281 0.152344
0 0.530762 0.689453 0.137695 0.102865
0 0.660156 0.726562 0.109375 0.148438
0 0.408691 0.752604 0.110352 0.130208
0 0.293457 0.780599 0.106445 0.087240
0 0.141113 0.790365 0.145508 0.109375
0 0.539062 0.814453 0.132812 0.123698
0 0.383789 0.843099 0.150391 0.144531
0 0.808105 0.847656 0.141602 0.210938
0 0.669922 0.866536 0.111328 0.154948
0 0.240723 0.893880 0.125977 0.157552
0 0.521973 0.910156 0.135742 0.145833
9 0.371094 0.251953 0.132812 0.217448
0 0.725098 0.053385 0.165039 0.106771
