0 0.371094 0.272135 0.099609 0.096354
5 0.160156 0.384766 0.121094 0.230469
0 0.848145 0.335286 0.127930 0.183594
5 0.765137 0.504557 0.186523 0.173177
5 0.507812 0.652995 0.251953 0.303385
1 0.915527 0.670573 0.106445 0.091146
1 0.328125 0.791667 0.074219 0.114583
1 0.162598 0.824219 0.096680 0.127604
0 0.914551 0.848307 0.153320 0.110677
0 0.379395 0.091797 0.116211 0.170573
0 0.026367 0.678385 0.052734 0.132812
0 0.500000 0.227214 0.167969 0.152344
1 0.407715 0.386719 0.127930 0.130208
5 0.091309 0.141276 0.170898 0.259115
0 0.259277 0.213542 0.145508 0.177083
0 0.273438 0.403646 0.097656 0.179688
0 0.217285 0.309245 0.012695 0.009115
9 0.865723 0.173828 0.106445 0.162760
5 0.822266 0.046224 0.271484 0.092448
9 0.771484 0.814453 0.103516 0.238281
9 0.064941 0.353516 0.129883 0.128906
9 0.344727 0.556641 0.162109 0.105469
9 0.695312 0.265625 0.128906 0.109375
9 0.717285 0.351562 0.112305 0.085938
