0 0.738281 0.138672 0.121094 0.214844
0 0.840332 0.221354 0.077148 0.148438
0 0.927734 0.236979 0.099609 0.151042
5 0.293457 0.265625 0.243164 0.223958
7 0.520508 0.231120 0.224609 0.194010
0 0.833984 0.434896 0.099609 0.286458
5 0.124512 0.526693 0.249023 0.147135
0 0.595703 0.526693 0.128906 0.201823
0 0.383789 0.550781 0.121094 0.177083
0 0.190430 0.620443 0.136719 0.121094
0 0.787109 0.802083 0.177734 0.234375
5 0.571777 0.935547 0.346680 0.128906
7 0.531738 0.173828 0.264648 0.220052
7 0.344238 0.403646 0.194336 0.145833
0 0.863770 0.074219 0.092773 0.130208
0 0.950684 0.046875 0.096680 0.093750
