6 0.901367 0.105469 0.136719 0.187500
0 0.436035 0.350260 0.096680 0.117188
0 0.324707 0.429036 0.086914 0.121094
0 0.647949 0.485677 0.141602 0.234375
0 0.532227 0.501302 0.107422 0.140625
0 0.345703 0.599609 0.201172 0.134115
0 0.570801 0.705729 0.155273 0.156250
0 0.755859 0.790365 0.119141 0.119792
0 0.414062 0.824870 0.162109 0.154948
0 0.733398 0.904297 0.105469 0.108073
0 0.941895 0.926432 0.106445 0.128906
0 0.630859 0.936198 0.095703 0.127604
0 0.379395 0.947917 0.104492 0.101562
6 0.146484 0.799479 0.054688 0.111979
0 0.104980 0.258464 0.090820 0.102865
0 0.212891 0.525391 0.089844 0.110677
6 0.541016 0.335286 0.093750 0.092448
6 0.131836 0.963542 0.076172 0.072917
9 0.098145 0.910807 0.098633 0.074219
9 0.266602 0.880208 0.085938 0.104167
9 0.440430 0.714844 0.130859 0.104167
9 0.937500 0.701172 0.115234 0.089844
0 0.070801 0.494141 0.086914 0.113281
6 0.028320 0.163411 0.056641 0.113281
6 0.035156 0.294922 0.070312 0.147135
9 0.168945 0.128255 0.144531 0.110677
9 0.212891 0.265625 0.121094 0.098958
0 0.082031 0.402995 0.103516 0.102865
0 0.033691 0.751302 0.067383 0.096354
0 0.347656 0.180339 0.123047 0.108073
9 0.411621 0.453776 0.100586 0.144531
0 0.645020 0.311849 0.114258 0.123698
0 0.555176 0.071615 0.106445 0.114583
1 0.821289 0.479167 0.093750 0.130208
0 0.882324 0.867839 0.102539 0.131510
0 0.914062 0.430339 0.093750 0.113281
0 0.700684 0.097656 0.108398 0.098958
0 0.901855 0.286458 0.079102 0.104167
0 0.741699 0.264974 0.098633 0.118490
0 0.777344 0.062500 0.091797 0.106771
9 0.615723 0.179036 0.170898 0.128906
9 0.307617 0.054036 0.111328 0.108073
9 0.906738 0.542969 0.137695 0.091146
9 0.810547 0.396484 0.121094 0.097656
9 0.971680 0.299479 0.056641 0.054688
9 0.963867 0.221354 0.072266 0.098958
9 0.799316 0.309245 0.114258 0.128906
9 0.446289 0.127604 0.089844 0.182292
9 0.315430 0.281901 0.072266 0.173177
9 0.384277 0.274089 0.083008 0.128906
