5 0.521484 0.147135 0.234375 0.244792
5 0.297363 0.190755 0.206055 0.178385
1 0.699219 0.311198 0.091797 0.111979
0 0.430176 0.360026 0.098633 0.149740
0 0.784668 0.389974 0.124023 0.165365
5 0.240723 0.402344 0.258789 0.158854
0 0.671387 0.416016 0.108398 0.121094
0 0.537109 0.434896 0.109375 0.114583
0 0.839355 0.503906 0.102539 0.138021
0 0.418457 0.511719 0.083008 0.114583
0 0.690430 0.522135 0.089844 0.122396
0 0.285645 0.543620 0.125977 0.139323
0 0.623535 0.587891 0.092773 0.115885
0 0.697754 0.682292 0.120117 0.127604
0 0.569336 0.714193 0.150391 0.141927
0 0.807129 0.716797 0.102539 0.141927
5 0.073730 0.229818 0.143555 0.191406
