2 0.360840 0.199219 0.243164 0.210938
2 0.643066 0.333333 0.161133 0.156250
1 0.886230 0.337240 0.129883 0.122396
0 0.323730 0.383464 0.131836 0.170573
1 0.976562 0.384766 0.046875 0.134115
2 0.520020 0.436198 0.165039 0.143229
2 0.855957 0.463542 0.168945 0.140625
2 0.680176 0.464193 0.178711 0.170573
1 0.323730 0.532552 0.120117 0.122396
1 0.210938 0.550781 0.142578 0.140625
0 0.525391 0.579427 0.101562 0.119792
1 0.772949 0.703125 0.161133 0.114583
1 0.310059 0.708333 0.133789 0.161458
1 0.566895 0.709635 0.104492 0.132812
2 0.136230 0.733073 0.108398 0.210938
1 0.478027 0.885417 0.180664 0.161458
1 0.105957 0.924479 0.168945 0.119792
1 0.408203 0.965495 0.205078 0.069010
2 0.878418 0.102865 0.178711 0.151042
0 0.426270 0.556641 0.102539 0.126302
9 0.375488 0.640625 0.120117 0.072917
9 0.043945 0.787760 0.087891 0.151042
9 0.045898 0.635417 0.091797 0.130208
9 0.754883 0.824870 0.212891 0.165365
