4 0.362578 0.132161 0.092344 0.149740
7 0.267578 0.227214 0.105469 0.355469
0 0.823242 0.353516 0.109375 0.126302
4 0.452148 0.412109 0.085938 0.134115
7 0.689453 0.497396 0.144531 0.234375
4 0.346680 0.481120 0.103516 0.108073
0 0.868164 0.517578 0.117188 0.157552
7 0.597168 0.597656 0.131836 0.244792
0 0.433594 0.659505 0.105469 0.123698
7 0.290039 0.677083 0.142578 0.273438
0 0.547363 0.682943 0.092773 0.147135
0 0.380371 0.882812 0.129883 0.177083
0 0.467773 0.925130 0.107422 0.128906
1 0.524414 0.063802 0.136719 0.127604
