0 0.552734 0.177734 0.105469 0.097656
0 0.751465 0.178385 0.083008 0.083333
0 0.878418 0.209635 0.088867 0.161458
0 0.632812 0.238932 0.082031 0.118490
0 0.788086 0.251302 0.066406 0.075521
0 0.728516 0.296875 0.082031 0.158854
0 0.543945 0.306641 0.121094 0.074219
0 0.594238 0.352865 0.083008 0.083333
0 0.487305 0.382161 0.085938 0.108073
0 0.723633 0.384766 0.085938 0.105469
0 0.417969 0.429036 0.070312 0.084635
0 0.241211 0.432292 0.093750 0.166667
0 0.606934 0.459635 0.104492 0.130208
1 0.370117 0.503255 0.085938 0.097656
0 0.703125 0.508464 0.085938 0.105469
0 0.510254 0.508464 0.096680 0.134115
0 0.456055 0.577474 0.076172 0.084635
1 0.376953 0.585286 0.082031 0.087240
0 0.468262 0.628255 0.098633 0.092448
0 0.611816 0.659505 0.131836 0.165365
0 0.493164 0.666667 0.087891 0.101562
0 0.949219 0.763672 0.101562 0.186198
1 0.761230 0.798828 0.116211 0.100260
0 0.874023 0.828776 0.085938 0.105469
0 0.474121 0.834635 0.088867 0.161458
0 0.348145 0.859375 0.125977 0.166667
0 0.661133 0.927734 0.085938 0.105469
0 0.929199 0.950521 0.133789 0.098958
7 0.468262 0.152344 0.143555 0.203125
9 0.591797 0.846354 0.109375 0.184896
9 0.116699 0.484375 0.143555 0.281250
