0 0.839844 0.142578 0.107422 0.131510
0 0.487305 0.146484 0.093750 0.100260
0 0.368652 0.154948 0.131836 0.098958
0 0.580566 0.195964 0.102539 0.141927
0 0.426758 0.241536 0.164062 0.115885
0 0.831543 0.253255 0.127930 0.087240
0 0.960938 0.296875 0.078125 0.174479
0 0.304199 0.302083 0.129883 0.140625
0 0.676758 0.330078 0.097656 0.113281
0 0.189453 0.330729 0.115234 0.101562
0 0.602051 0.332031 0.147461 0.130208
0 0.795410 0.344401 0.094727 0.152344
0 0.912109 0.359375 0.097656 0.195312
0 0.441406 0.360026 0.099609 0.118490
0 0.108887 0.435547 0.090820 0.134115
0 0.658691 0.440104 0.114258 0.125000
0 0.212402 0.444010 0.092773 0.125000
0 0.400879 0.448568 0.098633 0.128906
0 0.331055 0.493490 0.074219 0.138021
0 0.790039 0.515625 0.066406 0.151042
0 0.553223 0.550130 0.096680 0.144531
0 0.715332 0.553385 0.094727 0.132812
0 0.136230 0.555990 0.102539 0.122396
0 0.371094 0.628255 0.060547 0.131510
0 0.634766 0.628906 0.083984 0.111979
0 0.823730 0.647786 0.092773 0.121094
0 0.438965 0.651042 0.071289 0.156250
0 0.276367 0.674479 0.105469 0.130208
5 0.175293 0.710286 0.090820 0.110677
0 0.758301 0.712891 0.124023 0.154948
0 0.529785 0.720052 0.120117 0.197917
0 0.954590 0.738932 0.088867 0.186198
5 0.658691 0.764974 0.098633 0.113281
0 0.077148 0.765625 0.130859 0.106771
0 0.381348 0.776693 0.116211 0.126302
0 0.271484 0.803385 0.095703 0.135417
0 0.811523 0.835938 0.115234 0.164062
0 0.615723 0.888672 0.106445 0.128906
0 0.110840 0.895182 0.104492 0.115885
0 0.711426 0.920573 0.075195 0.101562
0 0.389648 0.092448 0.121094 0.098958
0 0.886230 0.925130 0.120117 0.115885
0 0.317871 0.931641 0.118164 0.113281
0 0.455566 0.954427 0.149414 0.091146
0 0.764648 0.954427 0.083984 0.091146
0 0.222656 0.122396 0.115234 0.138021
0 0.702637 0.128255 0.151367 0.115885
9 0.496582 0.361979 0.069336 0.169271
0 0.033203 0.673828 0.066406 0.165365
0 0.054199 0.291016 0.108398 0.162760
0 0.707520 0.037109 0.094727 0.074219
0 0.817871 0.031901 0.084961 0.063802
0 0.912109 0.035156 0.121094 0.070312
9 0.041992 0.392578 0.083984 0.084635
