6 0.721191 0.218750 0.090820 0.125000
0 0.812988 0.417969 0.143555 0.179688
4 0.432129 0.610677 0.086914 0.101562
4 0.384277 0.717448 0.122070 0.169271
6 0.383301 0.881510 0.163086 0.190104
9 0.707031 0.783203 0.144531 0.238281
9 0.073242 0.097656 0.091797 0.169271
1 0.047852 0.707031 0.095703 0.138021
9 0.275391 0.573568 0.107422 0.092448
4 0.483887 0.561849 0.083008 0.118490
6 0.637207 0.175130 0.100586 0.126302
4 0.554688 0.636068 0.113281 0.207031
9 0.875977 0.064453 0.144531 0.128906
9 0.134277 0.626302 0.143555 0.268229
9 0.270996 0.792318 0.120117 0.264323
9 0.587402 0.942057 0.174805 0.115885
9 0.791016 0.929036 0.177734 0.141927
