0 0.563965 0.231120 0.116211 0.170573
1 0.444824 0.292318 0.094727 0.144531
0 0.589355 0.362630 0.084961 0.097656
0 0.048340 0.402344 0.092773 0.169271
0 0.384277 0.442708 0.157227 0.177083
0 0.126465 0.450521 0.108398 0.140625
1 0.335938 0.579427 0.103516 0.119792
1 0.421875 0.579427 0.089844 0.145833
0 0.149902 0.627604 0.118164 0.151042
1 0.230469 0.779948 0.121094 0.122396
0 0.397461 0.041667 0.130859 0.083333
0 0.034180 0.542318 0.068359 0.131510
9 0.958496 0.595703 0.075195 0.089844
9 0.517578 0.442708 0.095703 0.231771
9 0.604980 0.628255 0.118164 0.157552
9 0.545898 0.802083 0.136719 0.174479
1 0.508301 0.632161 0.090820 0.121094
9 0.847168 0.189453 0.206055 0.272135
9 0.899414 0.431641 0.201172 0.180990
9 0.756836 0.688151 0.115234 0.324219
9 0.311035 0.185547 0.372070 0.212240
9 0.049805 0.201823 0.099609 0.125000
