1 0.632324 0.178385 0.108398 0.091146
1 0.108887 0.184896 0.088867 0.088542
1 0.475586 0.195964 0.083984 0.131510
1 0.188477 0.197917 0.085938 0.109375
1 0.397949 0.200521 0.067383 0.111979
1 0.315430 0.237630 0.087891 0.131510
1 0.715820 0.257812 0.072266 0.104167
1 0.652832 0.262370 0.071289 0.152344
1 0.143066 0.266927 0.084961 0.106771
1 0.074707 0.272135 0.075195 0.096354
1 0.416992 0.290365 0.103516 0.101562
1 0.528809 0.346354 0.094727 0.096354
1 0.713379 0.348958 0.104492 0.098958
1 0.345215 0.350260 0.069336 0.104167
1 0.642090 0.403646 0.067383 0.096354
1 0.774902 0.410156 0.081055 0.111979
1 0.841797 0.453776 0.099609 0.139323
1 0.667969 0.482422 0.082031 0.079427
1 0.562012 0.604818 0.092773 0.121094
1 0.717773 0.608073 0.097656 0.158854
1 0.655762 0.694010 0.114258 0.166667
1 0.923828 0.748698 0.078125 0.117188
1 0.834473 0.755208 0.090820 0.127604
1 0.981445 0.807943 0.037109 0.128906
1 0.366211 0.835286 0.101562 0.134115
1 0.087891 0.084635 0.115234 0.132812
1 0.614258 0.087891 0.097656 0.095052
1 0.706055 0.895182 0.115234 0.126302
1 0.548340 0.126302 0.086914 0.122396
1 0.270508 0.401042 0.085938 0.098958
1 0.588379 0.033203 0.067383 0.066406
