0 0.406250 0.389974 0.126953 0.141927
5 0.729004 0.455729 0.166992 0.281250
7 0.613281 0.569010 0.132812 0.341146
5 0.157227 0.527995 0.248047 0.321615
9 0.512207 0.672526 0.127930 0.126302
5 0.794922 0.713542 0.285156 0.244792
5 0.334961 0.776693 0.193359 0.180990
9 0.497559 0.286458 0.131836 0.161458
0 0.389648 0.619792 0.091797 0.125000
0 0.455566 0.586589 0.108398 0.147135
9 0.306641 0.505859 0.146484 0.188802
0 0.513672 0.469401 0.089844 0.149740
9 0.584473 0.352214 0.100586 0.149740
1 0.242188 0.154948 0.113281 0.161458
