1 0.066895 0.138021 0.088867 0.096354
2 0.729980 0.147786 0.161133 0.147135
1 0.563477 0.151042 0.121094 0.117188
2 0.974121 0.172526 0.051758 0.131510
1 0.360840 0.184245 0.092773 0.100260
4 0.832031 0.196615 0.093750 0.098958
1 0.132324 0.205729 0.063477 0.088542
2 0.233398 0.208984 0.125000 0.149740
1 0.656738 0.258464 0.073242 0.100260
2 0.197266 0.279297 0.119141 0.128906
1 0.346680 0.298177 0.093750 0.117188
1 0.559570 0.307292 0.089844 0.135417
2 0.072754 0.326823 0.110352 0.125000
4 0.745117 0.341146 0.093750 0.098958
2 0.520020 0.365885 0.090820 0.164062
2 0.430664 0.375000 0.099609 0.130208
1 0.655273 0.381510 0.087891 0.132812
4 0.102539 0.442057 0.085938 0.115885
1 0.778809 0.443359 0.108398 0.118490
2 0.168457 0.466146 0.106445 0.187500
2 0.277832 0.483724 0.141602 0.167969
2 0.721680 0.487630 0.099609 0.113281
2 0.636719 0.490234 0.117188 0.123698
2 0.970215 0.539062 0.059570 0.171875
2 0.598633 0.554688 0.099609 0.111979
2 0.831543 0.060547 0.102539 0.097656
1 0.305176 0.600911 0.096680 0.087240
2 0.450195 0.643880 0.101562 0.173177
2 0.751465 0.645182 0.108398 0.134115
2 0.660156 0.646484 0.091797 0.108073
1 0.254395 0.654948 0.118164 0.151042
1 0.536621 0.716146 0.108398 0.109375
2 0.373047 0.752604 0.093750 0.098958
1 0.684082 0.786458 0.108398 0.166667
1 0.129883 0.828125 0.091797 0.132812
1 0.854492 0.838542 0.095703 0.151042
1 0.551758 0.848958 0.099609 0.106771
1 0.276367 0.088542 0.091797 0.098958
2 0.459961 0.873047 0.117188 0.147135
1 0.191406 0.873047 0.101562 0.102865
2 0.335938 0.910156 0.148438 0.179688
1 0.900879 0.957031 0.137695 0.085938
2 0.542969 0.963542 0.142578 0.072917
1 0.470215 0.036458 0.092773 0.072917
1 0.034668 0.037760 0.069336 0.075521
5 0.646484 0.040365 0.126953 0.080729
1 0.750000 0.042969 0.093750 0.085938
