0 0.395996 0.145182 0.129883 0.095052
0 0.595215 0.187500 0.143555 0.132812
5 0.302246 0.307943 0.180664 0.191406
0 0.761719 0.338542 0.119141 0.111979
0 0.508789 0.392578 0.171875 0.134115
0 0.695801 0.487630 0.127930 0.149740
0 0.895508 0.507161 0.101562 0.131510
0 0.303711 0.538411 0.166016 0.332031
0 0.448730 0.579427 0.090820 0.143229
0 0.795898 0.621094 0.101562 0.151042
0 0.551758 0.656901 0.107422 0.139323
0 0.681152 0.717448 0.094727 0.143229
0 0.376953 0.779948 0.103516 0.125000
0 0.606445 0.078125 0.152344 0.111979
0 0.758789 0.819661 0.142578 0.113281
0 0.889648 0.875651 0.173828 0.225260
0 0.283203 0.895833 0.126953 0.205729
0 0.681152 0.933594 0.139648 0.130208
0 0.528320 0.928385 0.138672 0.143229
0 0.786133 0.133464 0.138672 0.167969
0 0.866211 0.063802 0.111328 0.127604
0 0.967773 0.112630 0.064453 0.154948
0 0.936035 0.238932 0.127930 0.144531
0 0.905273 0.356120 0.117188 0.157552
0 0.972656 0.555339 0.054688 0.139323
0 0.928223 0.652344 0.143555 0.158854
5 0.111328 0.451172 0.222656 0.188802
0 0.051758 0.175781 0.103516 0.171875
1 0.142090 0.821615 0.172852 0.247396
9 0.070312 0.923177 0.070312 0.044271
9 0.132812 0.964844 0.052734 0.052083
9 0.396484 0.679036 0.050781 0.045573
9 0.620117 0.688802 0.046875 0.072917
9 0.840332 0.451172 0.112305 0.110677
9 0.866211 0.676432 0.076172 0.121094
1 0.494629 0.256510 0.145508 0.127604
0 0.491699 0.756510 0.149414 0.169271
0 0.656738 0.272786 0.133789 0.134115
