0 0.086426 0.171875 0.094727 0.158854
0 0.259277 0.173828 0.102539 0.126302
2 0.621094 0.235677 0.146484 0.164062
0 0.310059 0.274089 0.102539 0.126302
0 0.211426 0.278646 0.084961 0.117188
0 0.051758 0.304036 0.091797 0.162760
2 0.555664 0.392578 0.105469 0.121094
0 0.268066 0.410807 0.102539 0.126302
1 0.080078 0.455078 0.105469 0.121094
2 0.323730 0.509766 0.110352 0.121094
1 0.841797 0.706380 0.113281 0.105469
2 0.128418 0.768229 0.145508 0.171875
0 0.301270 0.800781 0.100586 0.135417
1 0.869141 0.842448 0.103516 0.125000
0 0.650879 0.863932 0.100586 0.115885
2 0.480957 0.890625 0.131836 0.192708
