0 0.932129 0.382161 0.133789 0.246094
1 0.172363 0.434896 0.114258 0.101562
1 0.409668 0.466146 0.114258 0.101562
1 0.640137 0.475260 0.114258 0.101562
1 0.301270 0.611979 0.077148 0.093750
1 0.730957 0.623698 0.114258 0.101562
1 0.240723 0.636719 0.079102 0.098958
1 0.777344 0.716146 0.083984 0.067708
1 0.893066 0.875000 0.106445 0.098958
1 0.127930 0.669922 0.130859 0.147135
9 0.601562 0.097656 0.171875 0.171875
9 0.883301 0.151042 0.153320 0.242188
9 0.767090 0.106771 0.139648 0.213542
1 0.841309 0.751302 0.106445 0.101562
