0 0.639648 0.203125 0.166016 0.111979
0 0.341797 0.223958 0.103516 0.151042
0 0.673340 0.292969 0.168945 0.127604
0 0.199219 0.316406 0.103516 0.187500
0 0.089844 0.356771 0.126953 0.213542
0 0.636719 0.425130 0.158203 0.123698
0 0.287109 0.506510 0.126953 0.213542
0 0.650391 0.550130 0.158203 0.123698
0 0.138672 0.578776 0.148438 0.264323
0 0.779297 0.632812 0.115234 0.174479
5 0.447754 0.640625 0.147461 0.309896
9 0.640137 0.725260 0.188477 0.268229
0 0.092285 0.877604 0.174805 0.184896
0 0.476074 0.892578 0.124023 0.204427
0 0.681152 0.091146 0.135742 0.140625
0 0.748535 0.911458 0.116211 0.174479
0 0.607910 0.918620 0.127930 0.160156
0 0.166992 0.073568 0.121094 0.147135
9 0.343262 0.065104 0.116211 0.130208
9 0.904785 0.677734 0.104492 0.201823
