0 0.705078 0.140625 0.097656 0.132812
0 0.395508 0.146484 0.113281 0.149740
0 0.140625 0.168620 0.136719 0.173177
0 0.635254 0.214193 0.061523 0.123698
0 0.490234 0.219401 0.095703 0.121094
0 0.838867 0.234375 0.095703 0.119792
0 0.277344 0.274089 0.140625 0.115885
0 0.779297 0.302734 0.101562 0.128906
0 0.557129 0.319661 0.086914 0.113281
0 0.415039 0.324870 0.095703 0.118490
0 0.670410 0.344401 0.104492 0.126302
0 0.317383 0.373047 0.097656 0.123698
0 0.168457 0.388021 0.083008 0.117188
0 0.132324 0.393880 0.102539 0.165365
0 0.854980 0.427083 0.086914 0.114583
0 0.440430 0.434245 0.095703 0.118490
0 0.689941 0.444661 0.102539 0.160156
0 0.576660 0.455078 0.108398 0.157552
0 0.339844 0.481771 0.087891 0.130208
0 0.651855 0.539714 0.084961 0.115885
0 0.129883 0.542969 0.097656 0.166667
0 0.228516 0.546224 0.095703 0.128906
0 0.492676 0.546875 0.086914 0.132812
0 0.409180 0.550130 0.085938 0.115885
0 0.074219 0.553385 0.083984 0.153646
0 0.833984 0.576823 0.115234 0.179688
0 0.313965 0.582682 0.090820 0.113281
0 0.512695 0.662109 0.109375 0.084635
0 0.204590 0.666667 0.104492 0.135417
0 0.435059 0.690104 0.116211 0.138021
0 0.315430 0.715495 0.089844 0.128906
0 0.245117 0.726562 0.093750 0.125000
0 0.611816 0.772786 0.116211 0.131510
0 0.059082 0.078125 0.088867 0.132812
0 0.497070 0.786458 0.101562 0.132812
0 0.333496 0.789714 0.094727 0.139323
0 0.225586 0.840495 0.099609 0.100260
0 0.406738 0.848958 0.081055 0.125000
0 0.212891 0.898438 0.107422 0.114583
0 0.673340 0.932943 0.116211 0.131510
0 0.788574 0.932943 0.116211 0.131510
0 0.566406 0.934245 0.099609 0.128906
0 0.589844 0.100260 0.125000 0.111979
0 0.200684 0.031250 0.092773 0.059896
0 0.331543 0.046224 0.114258 0.092448
0 0.707520 0.708333 0.104492 0.145833
0 0.048828 0.712240 0.085938 0.166667
0 0.048340 0.878906 0.073242 0.143229
0 0.133789 0.761068 0.068359 0.178385
0 0.029785 0.350260 0.059570 0.143229
