0 0.531738 0.140625 0.141602 0.278646
0 0.222656 0.176432 0.222656 0.230469
0 0.688965 0.429688 0.124023 0.171875
0 0.566895 0.455729 0.124023 0.171875
0 0.208008 0.457031 0.164062 0.174479
9 0.403320 0.516927 0.140625 0.195312
0 0.472168 0.712240 0.190430 0.101562
0 0.647949 0.722005 0.110352 0.261719
0 0.245605 0.843750 0.139648 0.145833
0 0.861816 0.861328 0.180664 0.269531
9 0.712891 0.939453 0.093750 0.121094
0 0.081543 0.947917 0.135742 0.104167
0 0.808594 0.061198 0.109375 0.122396
0 0.654785 0.054036 0.118164 0.108073
0 0.261230 0.024740 0.116211 0.049479
