1 0.390137 0.470703 0.137695 0.118490
2 0.480957 0.675781 0.112305 0.166667
2 0.362305 0.683594 0.130859 0.153646
1 0.457520 0.801432 0.170898 0.105469
1 0.301270 0.802734 0.170898 0.105469
1 0.966797 0.918620 0.064453 0.102865
2 0.833008 0.938802 0.183594 0.119792
2 0.618652 0.087240 0.157227 0.171875
2 0.066406 0.820312 0.132812 0.164062
2 0.066895 0.145833 0.133789 0.145833
1 0.037598 0.030599 0.075195 0.061198
1 0.383301 0.063802 0.159180 0.127604
9 0.518555 0.063151 0.097656 0.126302
9 0.603027 0.968750 0.166992 0.062500
9 0.349121 0.932943 0.127930 0.071615
