1 0.794922 0.202474 0.099609 0.102865
1 0.156250 0.277995 0.066406 0.092448
5 0.689941 0.542969 0.165039 0.169271
1 0.459473 0.620443 0.084961 0.100260
1 0.648438 0.683594 0.074219 0.111979
1 0.305176 0.864583 0.071289 0.164062
1 0.231934 0.945964 0.104492 0.108073
1 0.505859 0.168620 0.105469 0.108073
0 0.156250 0.728516 0.060547 0.074219
0 0.200684 0.710286 0.049805 0.115885
5 0.151855 0.823568 0.102539 0.128906
0 0.200684 0.603516 0.071289 0.092448
0 0.244629 0.558594 0.065430 0.083333
0 0.142578 0.365234 0.054688 0.055990
0 0.873535 0.032552 0.063477 0.065104
9 0.959961 0.078776 0.080078 0.113281
9 0.646973 0.230469 0.077148 0.104167
9 0.687988 0.384766 0.305664 0.126302
0 0.349121 0.551432 0.090820 0.102865
9 0.425781 0.387370 0.093750 0.115885
