2 0.159668 0.167969 0.145508 0.140625
1 0.297363 0.229167 0.137695 0.085938
1 0.679688 0.258464 0.140625 0.167969
1 0.555176 0.304688 0.094727 0.145833
2 0.755859 0.339193 0.136719 0.160156
1 0.470215 0.343099 0.098633 0.139323
1 0.339844 0.373698 0.140625 0.119792
2 0.505859 0.437500 0.171875 0.098958
1 0.927734 0.476562 0.144531 0.195312
1 0.661621 0.498047 0.141602 0.100260
2 0.272949 0.526693 0.278320 0.227865
2 0.508789 0.532552 0.175781 0.101562
1 0.754395 0.593750 0.114258 0.088542
1 0.645996 0.605469 0.088867 0.085938
2 0.863281 0.639323 0.201172 0.130208
1 0.098145 0.641927 0.106445 0.096354
2 0.661133 0.697266 0.136719 0.118490
2 0.534180 0.723307 0.150391 0.144531
2 0.290527 0.077474 0.129883 0.113281
2 0.669434 0.819010 0.151367 0.127604
2 0.185059 0.828125 0.182617 0.117188
0 0.492676 0.835286 0.198242 0.089844
2 0.174316 0.934245 0.196289 0.097656
2 0.095215 0.415365 0.178711 0.187500
2 0.041992 0.576172 0.083984 0.108073
2 0.788086 0.819661 0.115234 0.180990
9 0.561523 0.644531 0.072266 0.093750
