1 0.308594 0.164714 0.064453 0.071615
1 0.150391 0.171224 0.095703 0.100260
1 0.522949 0.177734 0.084961 0.095052
1 0.379883 0.182943 0.066406 0.079427
1 0.674805 0.207682 0.056641 0.087240
1 0.588867 0.274089 0.117188 0.100260
1 0.350586 0.276693 0.080078 0.102865
1 0.735840 0.285807 0.055664 0.092448
1 0.447266 0.289714 0.056641 0.087240
1 0.832520 0.365234 0.098633 0.121094
1 0.093750 0.379557 0.058594 0.089844
1 0.352539 0.398438 0.066406 0.098958
1 0.948242 0.410156 0.074219 0.083333
1 0.506348 0.444010 0.079102 0.078125
1 0.694824 0.450521 0.114258 0.122396
1 0.511230 0.524740 0.063477 0.070312
1 0.798828 0.567057 0.103516 0.149740
1 0.224609 0.559896 0.152344 0.177083
1 0.719238 0.544922 0.069336 0.092448
1 0.921875 0.553385 0.054688 0.083333
1 0.339844 0.556641 0.058594 0.084635
1 0.442383 0.572917 0.091797 0.106771
1 0.081055 0.591797 0.074219 0.074219
1 0.371582 0.615885 0.057617 0.075521
1 0.498535 0.617839 0.069336 0.089844
1 0.821289 0.643229 0.076172 0.085938
1 0.888672 0.654948 0.056641 0.093750
1 0.318359 0.660156 0.083984 0.093750
1 0.684570 0.674479 0.076172 0.075521
1 0.512695 0.688151 0.091797 0.084635
1 0.935059 0.689453 0.065430 0.087240
1 0.061523 0.692057 0.070312 0.110677
1 0.797363 0.732422 0.061523 0.087240
1 0.460449 0.742188 0.094727 0.096354
1 0.401855 0.770182 0.079102 0.089844
1 0.377930 0.078776 0.101562 0.087240
1 0.649414 0.794271 0.072266 0.093750
1 0.878418 0.869792 0.073242 0.080729
1 0.644531 0.904297 0.085938 0.092448
1 0.420898 0.949870 0.095703 0.100260
9 0.880371 0.125651 0.116211 0.165365
1 0.496094 0.270833 0.078125 0.091146
1 0.531250 0.372396 0.083984 0.091146
1 0.625000 0.619792 0.121094 0.085938
1 0.580078 0.578776 0.113281 0.113281
1 0.103516 0.292969 0.082031 0.096354
1 0.165527 0.330729 0.104492 0.104167
5 0.670898 0.100911 0.105469 0.144531
1 0.581543 0.822917 0.069336 0.088542
1 0.576172 0.916016 0.062500 0.121094
1 0.471680 0.876302 0.134766 0.153646
1 0.329102 0.955729 0.123047 0.088542
1 0.687988 0.949870 0.081055 0.055990
1 0.609375 0.969401 0.058594 0.061198
1 0.794434 0.946615 0.112305 0.106771
1 0.740723 0.734375 0.055664 0.143229
1 0.825195 0.824870 0.080078 0.154948
1 0.763672 0.874349 0.070312 0.071615
1 0.900879 0.798828 0.061523 0.084635
1 0.923828 0.257161 0.083984 0.102865
1 0.397949 0.535807 0.081055 0.110677
1 0.925293 0.966797 0.149414 0.066406
1 0.947266 0.816406 0.089844 0.158854
1 0.964844 0.604818 0.070312 0.175781
1 0.737793 0.386719 0.108398 0.101562
1 0.644531 0.361328 0.113281 0.095052
1 0.219727 0.399089 0.103516 0.084635
1 0.129883 0.438151 0.072266 0.110677
1 0.018066 0.674479 0.036133 0.125000
1 0.015625 0.561198 0.029297 0.101562
1 0.782715 0.049479 0.174805 0.098958
1 0.460938 0.201823 0.087891 0.096354
1 0.231445 0.147786 0.085938 0.092448
1 0.048828 0.487630 0.095703 0.136719
1 0.026367 0.361979 0.052734 0.171875
9 0.197754 0.069661 0.096680 0.118490
1 0.458008 0.034505 0.117188 0.069010
1 0.327148 0.048177 0.103516 0.096354
1 0.571289 0.482422 0.093750 0.126302
1 0.274902 0.766276 0.094727 0.141927
1 0.218750 0.675781 0.121094 0.078125
1 0.921875 0.492839 0.156250 0.123698
1 0.802246 0.453776 0.106445 0.110677
1 0.722656 0.633464 0.054688 0.089844
9 0.263672 0.266927 0.115234 0.138021
1 0.176270 0.242839 0.077148 0.102865
