0 0.576660 0.223307 0.090820 0.139323
5 0.407227 0.219401 0.173828 0.123698
5 0.250000 0.238932 0.230469 0.131510
0 0.662109 0.248698 0.099609 0.119792
5 0.510254 0.369141 0.227539 0.167969
0 0.551270 0.671875 0.131836 0.164062
5 0.829102 0.755208 0.085938 0.231771
0 0.550781 0.875651 0.111328 0.186198
0 0.384277 0.093099 0.122070 0.157552
0 0.448730 0.945312 0.086914 0.098958
5 0.211426 0.123047 0.200195 0.136719
5 0.354492 0.842448 0.187500 0.132812
5 0.496094 0.528646 0.107422 0.161458
5 0.959961 0.639323 0.080078 0.200521
5 0.939941 0.799479 0.114258 0.177083
5 0.682617 0.069010 0.087891 0.138021
0 0.511719 0.043620 0.083984 0.087240
0 0.077148 0.346354 0.064453 0.164062
0 0.020996 0.347005 0.038086 0.131510
0 0.044434 0.479818 0.086914 0.105469
0 0.032227 0.574870 0.064453 0.123698
0 0.028809 0.787109 0.057617 0.136719
0 0.365234 0.950521 0.082031 0.098958
0 0.447754 0.742188 0.112305 0.122396
0 0.932129 0.929036 0.112305 0.141927
0 0.760742 0.156250 0.107422 0.132812
5 0.157227 0.483073 0.160156 0.132812
5 0.358398 0.606120 0.154297 0.134115
