0 0.689453 0.176432 0.234375 0.308594
0 0.873535 0.287760 0.127930 0.122396
0 0.367676 0.311849 0.241211 0.248698
6 0.804199 0.404948 0.145508 0.125000
0 0.516602 0.491536 0.138672 0.144531
0 0.687500 0.535807 0.150391 0.149740
6 0.941406 0.576172 0.080078 0.100260
0 0.274902 0.654948 0.104492 0.122396
1 0.868164 0.656901 0.134766 0.180990
1 0.670410 0.699219 0.124023 0.143229
0 0.611328 0.799479 0.150391 0.140625
0 0.157227 0.805339 0.144531 0.167969
6 0.727539 0.895833 0.062500 0.096354
6 0.916016 0.904948 0.095703 0.101562
0 0.274902 0.920573 0.125977 0.119792
0 0.457031 0.927734 0.169922 0.141927
8 0.308105 0.128906 0.106445 0.091146
0 0.964355 0.754557 0.071289 0.157552
9 0.457520 0.712891 0.145508 0.157552
9 0.366699 0.554036 0.168945 0.165365
9 0.406738 0.635417 0.086914 0.067708
0 0.972168 0.455078 0.055664 0.136719
0 0.025879 0.946615 0.051758 0.106771
0 0.191895 0.979167 0.104492 0.041667
0 0.599121 0.941406 0.124023 0.117188
