0 0.777344 0.371745 0.119141 0.157552
0 0.374023 0.416016 0.146484 0.147135
0 0.914062 0.563802 0.130859 0.187500
0 0.207520 0.639323 0.116211 0.169271
6 0.335938 0.697917 0.097656 0.197917
0 0.193848 0.785807 0.104492 0.134115
0 0.076172 0.845703 0.117188 0.136719
0 0.301758 0.855469 0.097656 0.138021
6 0.045898 0.681641 0.091797 0.139323
6 0.633301 0.834635 0.122070 0.174479
6 0.830078 0.928385 0.105469 0.127604
6 0.496094 0.463542 0.074219 0.156250
4 0.256836 0.494141 0.115234 0.152344
4 0.213867 0.391927 0.076172 0.130208
4 0.151855 0.395182 0.075195 0.102865
0 0.049805 0.535807 0.099609 0.126302
6 0.568848 0.549479 0.071289 0.156250
6 0.683105 0.642578 0.100586 0.165365
6 0.637207 0.731120 0.096680 0.141927
6 0.666016 0.509115 0.087891 0.143229
6 0.751465 0.498698 0.102539 0.156250
0 0.816406 0.572917 0.083984 0.140625
0 0.839355 0.705729 0.092773 0.125000
0 0.157227 0.969401 0.119141 0.061198
0 0.048340 0.946615 0.084961 0.091146
0 0.779785 0.820964 0.125977 0.110677
0 0.915039 0.767578 0.107422 0.134115
9 0.931152 0.301432 0.112305 0.134115
