5 0.399902 0.216797 0.241211 0.134115
0 0.886230 0.303385 0.143555 0.132812
5 0.340820 0.370443 0.208984 0.170573
0 0.662598 0.444010 0.088867 0.184896
5 0.877441 0.504557 0.153320 0.225260
5 0.480957 0.574870 0.227539 0.217448
5 0.663574 0.689453 0.131836 0.264323
0 0.296875 0.719401 0.152344 0.329427
0 0.139160 0.777344 0.131836 0.205729
5 0.418945 0.791667 0.103516 0.307292
5 0.519531 0.815104 0.138672 0.330729
5 0.418945 0.093099 0.251953 0.162760
0 0.948730 0.108724 0.100586 0.196615
0 0.044922 0.708984 0.089844 0.191406
5 0.848145 0.080078 0.155273 0.157552
5 0.822266 0.437500 0.109375 0.234375
0 0.736816 0.087240 0.178711 0.174479
