0 0.788086 0.184896 0.068359 0.158854
0 0.950684 0.186849 0.077148 0.128906
0 0.841797 0.200521 0.056641 0.143229
0 0.081055 0.216797 0.097656 0.131510
0 0.184082 0.242839 0.098633 0.121094
0 0.306152 0.273438 0.086914 0.138021
0 0.863281 0.277344 0.091797 0.114583
0 0.363770 0.283203 0.083008 0.121094
0 0.195801 0.319661 0.106445 0.089844
0 0.884277 0.383464 0.104492 0.066406
0 0.738770 0.396484 0.116211 0.115885
0 0.883789 0.436849 0.103516 0.055990
0 0.554199 0.440755 0.086914 0.118490
0 0.973145 0.447266 0.053711 0.123698
0 0.305176 0.507161 0.094727 0.115885
0 0.610840 0.509766 0.096680 0.108073
0 0.166016 0.514323 0.087891 0.093750
0 0.421387 0.522786 0.083008 0.121094
0 0.852539 0.533203 0.111328 0.118490
0 0.510254 0.535807 0.088867 0.110677
0 0.237793 0.580078 0.077148 0.089844
0 0.336914 0.607422 0.113281 0.089844
0 0.630859 0.612630 0.111328 0.118490
0 0.113281 0.632812 0.072266 0.111979
0 0.510254 0.642578 0.116211 0.115885
0 0.177734 0.643229 0.080078 0.111979
0 0.393066 0.691406 0.098633 0.117188
0 0.255371 0.718750 0.098633 0.098958
0 0.143066 0.727865 0.092773 0.096354
0 0.068848 0.759115 0.092773 0.104167
0 0.332520 0.787760 0.098633 0.098958
0 0.197754 0.835938 0.108398 0.127604
0 0.075684 0.848958 0.125977 0.109375
0 0.299805 0.898438 0.134766 0.156250
0 0.545898 0.908854 0.148438 0.132812
0 0.922852 0.108724 0.070312 0.154948
9 0.653320 0.197266 0.095703 0.162760
9 0.277832 0.043620 0.092773 0.087240
0 0.039062 0.652344 0.076172 0.127604
0 0.042480 0.514974 0.084961 0.144531
0 0.410645 0.052083 0.104492 0.104167
0 0.525391 0.335938 0.126953 0.119792
