6 0.644531 0.167318 0.087891 0.141927
1 0.150879 0.191406 0.116211 0.096354
6 0.577637 0.239583 0.092773 0.132812
5 0.100098 0.288411 0.176758 0.105469
5 0.349121 0.425130 0.096680 0.243490
6 0.658203 0.421875 0.095703 0.125000
5 0.250000 0.428385 0.097656 0.302083
1 0.048828 0.589844 0.062500 0.138021
1 0.129395 0.619141 0.098633 0.180990
0 0.262207 0.063802 0.116211 0.125000
1 0.265137 0.774740 0.104492 0.153646
6 0.586426 0.846354 0.139648 0.177083
0 0.160645 0.086589 0.108398 0.113281
6 0.248535 0.880859 0.075195 0.115885
6 0.465820 0.883464 0.085938 0.157552
1 0.027832 0.152344 0.053711 0.106771
0 0.137207 0.402995 0.100586 0.097656
6 0.597168 0.492188 0.067383 0.098958
6 0.858887 0.723958 0.061523 0.091146
6 0.888672 0.833333 0.074219 0.119792
6 0.835938 0.897135 0.093750 0.106771
6 0.835938 0.804036 0.058594 0.089844
6 0.716797 0.544922 0.085938 0.110677
6 0.740234 0.376302 0.080078 0.122396
6 0.935059 0.913411 0.077148 0.100260
