0 0.534668 0.173177 0.079102 0.158854
0 0.360840 0.216146 0.079102 0.135417
0 0.738770 0.326823 0.100586 0.138021
0 0.391113 0.444010 0.084961 0.111979
0 0.073242 0.453125 0.138672 0.161458
0 0.745605 0.486979 0.083008 0.171875
0 0.587402 0.494792 0.110352 0.130208
0 0.853027 0.523438 0.098633 0.145833
0 0.160645 0.555990 0.098633 0.106771
0 0.342285 0.562500 0.096680 0.135417
0 0.270020 0.629557 0.084961 0.128906
0 0.680176 0.660807 0.114258 0.144531
0 0.152344 0.669271 0.119141 0.151042
0 0.351074 0.708984 0.094727 0.113281
0 0.902832 0.071615 0.086914 0.111979
0 0.931152 0.882812 0.094727 0.140625
0 0.394043 0.894531 0.125977 0.119792
0 0.764160 0.091146 0.096680 0.135417
0 0.688965 0.957031 0.133789 0.085938
0 0.177246 0.452474 0.092773 0.118490
0 0.239258 0.471354 0.076172 0.114583
0 0.291016 0.406250 0.076172 0.127604
0 0.337891 0.378255 0.093750 0.110677
0 0.421875 0.244792 0.080078 0.140625
0 0.466309 0.394531 0.067383 0.119792
0 0.840820 0.227865 0.117188 0.138021
0 0.889160 0.366536 0.102539 0.131510
0 0.915039 0.309896 0.085938 0.078125
0 0.690430 0.134766 0.080078 0.131510
0 0.631836 0.093099 0.080078 0.123698
0 0.519531 0.045573 0.089844 0.091146
0 0.516602 0.288411 0.107422 0.100260
0 0.528320 0.412109 0.076172 0.118490
0 0.493652 0.518229 0.106445 0.158854
0 0.391113 0.599609 0.083008 0.084635
0 0.448242 0.686849 0.107422 0.121094
0 0.524902 0.615885 0.116211 0.101562
0 0.637207 0.327474 0.098633 0.110677
0 0.609863 0.224609 0.108398 0.108073
0 0.672363 0.415365 0.118164 0.127604
0 0.659180 0.527344 0.080078 0.127604
0 0.822754 0.055990 0.069336 0.111979
0 0.967773 0.430990 0.064453 0.156250
0 0.919922 0.508464 0.093750 0.136719
9 0.078125 0.730469 0.115234 0.226562
0 0.386230 0.024740 0.094727 0.049479
