0 0.440918 0.350911 0.219727 0.214844
0 0.603516 0.414062 0.148438 0.171875
0 0.739746 0.488281 0.125977 0.218750
0 0.444336 0.499349 0.126953 0.131510
0 0.295410 0.508464 0.186523 0.220052
0 0.905762 0.577474 0.180664 0.204427
9 0.034668 0.579427 0.053711 0.072917
0 0.496094 0.622396 0.125000 0.135417
0 0.129883 0.628906 0.167969 0.239583
0 0.685059 0.705078 0.145508 0.175781
0 0.538086 0.748698 0.146484 0.143229
0 0.821777 0.791667 0.196289 0.213542
0 0.316406 0.811198 0.191406 0.244792
9 0.173828 0.084635 0.119141 0.166667
