0 0.334473 0.232422 0.077148 0.134115
0 0.712891 0.335286 0.105469 0.136719
0 0.252930 0.373047 0.076172 0.147135
0 0.150391 0.464193 0.091797 0.134115
0 0.302734 0.572266 0.089844 0.121094
0 0.163086 0.638672 0.097656 0.121094
0 0.782715 0.724609 0.116211 0.126302
0 0.350586 0.747396 0.101562 0.088542
0 0.579102 0.817057 0.105469 0.087240
1 0.387695 0.884115 0.093750 0.088542
1 0.554199 0.900391 0.092773 0.105469
1 0.868164 0.934245 0.068359 0.131510
0 0.436035 0.319661 0.102539 0.082031
9 0.164062 0.210286 0.154297 0.154948
0 0.412598 0.411458 0.114258 0.098958
0 0.320312 0.454427 0.074219 0.101562
0 0.325195 0.354167 0.085938 0.109375
0 0.231445 0.514974 0.085938 0.108073
0 0.236328 0.652344 0.089844 0.125000
0 0.292969 0.697266 0.099609 0.095052
0 0.377930 0.669271 0.083984 0.085938
0 0.416016 0.556641 0.109375 0.139323
0 0.459473 0.647786 0.084961 0.082031
0 0.479980 0.727865 0.102539 0.109375
0 0.558594 0.634766 0.115234 0.154948
0 0.498047 0.572917 0.074219 0.111979
0 0.463867 0.443359 0.091797 0.095052
9 0.451660 0.230469 0.145508 0.130208
0 0.639648 0.579427 0.091797 0.122396
0 0.569824 0.413411 0.083008 0.113281
9 0.850098 0.533203 0.133789 0.191406
9 0.928223 0.868490 0.135742 0.148438
0 0.684082 0.647135 0.083008 0.085938
0 0.613770 0.306641 0.120117 0.173177
0 0.625977 0.459635 0.072266 0.145833
0 0.723633 0.494141 0.119141 0.157552
0 0.672852 0.798828 0.095703 0.092448
0 0.685547 0.876302 0.093750 0.104167
0 0.677246 0.711589 0.090820 0.089844
0 0.754395 0.836589 0.086914 0.126302
9 0.523438 0.472656 0.082031 0.138021
0 0.146973 0.868490 0.139648 0.111979
0 0.270996 0.976562 0.096680 0.046875
0 0.045410 0.912109 0.090820 0.162760
0 0.788086 0.950521 0.107422 0.098958
