0 0.339844 0.229818 0.080078 0.084635
0 0.538574 0.233073 0.088867 0.156250
0 0.642090 0.257812 0.145508 0.299479
0 0.219238 0.276042 0.161133 0.145833
0 0.459961 0.326172 0.091797 0.126302
0 0.082031 0.400391 0.115234 0.115885
0 0.333008 0.444661 0.097656 0.126302
0 0.237305 0.451823 0.080078 0.151042
0 0.688477 0.473307 0.101562 0.097656
0 0.137695 0.500651 0.097656 0.105469
0 0.859375 0.541016 0.158203 0.214844
0 0.518555 0.563151 0.148438 0.188802
0 0.683594 0.573568 0.101562 0.097656
0 0.211426 0.580078 0.098633 0.100260
0 0.375000 0.584635 0.105469 0.114583
0 0.485352 0.635417 0.140625 0.140625
0 0.269531 0.639323 0.103516 0.080729
0 0.318848 0.697266 0.108398 0.100260
0 0.110352 0.705729 0.082031 0.143229
0 0.487305 0.756510 0.097656 0.127604
0 0.414062 0.770182 0.048828 0.097656
0 0.689453 0.786458 0.146484 0.226562
1 0.219727 0.803385 0.095703 0.130208
0 0.276367 0.834635 0.095703 0.132812
0 0.112793 0.860677 0.090820 0.111979
0 0.559082 0.861979 0.100586 0.169271
0 0.375488 0.888672 0.073242 0.121094
0 0.466797 0.944010 0.085938 0.109375
0 0.163086 0.944661 0.064453 0.108073
0 0.324707 0.946615 0.083008 0.104167
0 0.602539 0.965495 0.097656 0.069010
9 0.035156 0.755208 0.070312 0.239583
9 0.262207 0.148438 0.067383 0.091146
0 0.179688 0.075521 0.146484 0.151042
9 0.387207 0.308594 0.047852 0.093750
9 0.486816 0.458333 0.147461 0.119792
9 0.583008 0.528646 0.064453 0.093750
