0 0.548828 0.205729 0.181641 0.187500
2 0.825684 0.243490 0.151367 0.138021
2 0.963379 0.298177 0.073242 0.197917
0 0.432617 0.305339 0.125000 0.170573
0 0.291992 0.351562 0.117188 0.125000
0 0.147461 0.360677 0.140625 0.127604
2 0.586914 0.362630 0.154297 0.165365
6 0.041016 0.373047 0.076172 0.134115
2 0.191406 0.440755 0.148438 0.105469
4 0.406738 0.455729 0.125977 0.106771
5 0.566895 0.506510 0.106445 0.125000
5 0.818359 0.523438 0.132812 0.135417
0 0.116699 0.552083 0.129883 0.143229
2 0.263184 0.589844 0.227539 0.148438
0 0.685059 0.591146 0.120117 0.106771
5 0.446777 0.591797 0.141602 0.149740
0 0.689453 0.703125 0.144531 0.143229
0 0.547852 0.705729 0.144531 0.143229
5 0.287598 0.707031 0.176758 0.127604
0 0.411133 0.761719 0.111328 0.114583
2 0.067871 0.772135 0.131836 0.153646
0 0.833496 0.087240 0.127930 0.140625
2 0.915527 0.089193 0.092773 0.141927
0 0.655762 0.100260 0.143555 0.132812
0 0.228027 0.101562 0.135742 0.177083
0 0.100098 0.910807 0.159180 0.131510
2 0.441406 0.069661 0.148438 0.139323
