0 0.407227 0.262370 0.089844 0.183594
0 0.280273 0.294922 0.111328 0.108073
0 0.049805 0.335938 0.093750 0.138021
0 0.578125 0.355469 0.138672 0.200521
0 0.149902 0.365885 0.120117 0.184896
0 0.302734 0.383464 0.103516 0.118490
0 0.436035 0.422526 0.106445 0.152344
0 0.547363 0.540365 0.149414 0.125000
0 0.102051 0.560547 0.182617 0.162760
0 0.306152 0.578776 0.118164 0.118490
0 0.543457 0.652995 0.166992 0.118490
0 0.402832 0.667318 0.122070 0.095052
0 0.241699 0.694661 0.118164 0.118490
0 0.676270 0.739583 0.135742 0.132812
0 0.391113 0.783854 0.145508 0.148438
0 0.239746 0.091797 0.163086 0.178385
0 0.455566 0.917969 0.100586 0.130208
0 0.626953 0.927083 0.083984 0.145833
0 0.549805 0.955729 0.123047 0.088542
