1 0.807617 0.147786 0.152344 0.173177
0 0.454102 0.262370 0.173828 0.204427
1 0.146973 0.313151 0.131836 0.207031
0 0.701172 0.359375 0.154297 0.151042
0 0.353027 0.413411 0.157227 0.170573
0 0.748535 0.589193 0.157227 0.170573
2 0.518066 0.605469 0.139648 0.143229
0 0.606445 0.662760 0.113281 0.184896
0 0.327148 0.667318 0.140625 0.222656
2 0.871094 0.699870 0.130859 0.298177
0 0.453125 0.742839 0.107422 0.209635
2 0.925293 0.824219 0.137695 0.231771
9 0.154297 0.618490 0.197266 0.291667
9 0.188477 0.097656 0.267578 0.195312
9 0.077637 0.909505 0.155273 0.180990
