1 0.688965 0.162109 0.102539 0.110677
1 0.377930 0.167969 0.105469 0.195312
1 0.127441 0.180339 0.069336 0.136719
1 0.759277 0.184245 0.116211 0.152344
1 0.844727 0.184896 0.082031 0.153646
1 0.502930 0.194661 0.121094 0.186198
1 0.057129 0.195312 0.083008 0.088542
1 0.204590 0.195964 0.083008 0.149740
1 0.282715 0.203776 0.075195 0.131510
1 0.628418 0.215495 0.098633 0.100260
1 0.926758 0.225911 0.078125 0.128906
1 0.687988 0.269531 0.073242 0.117188
1 0.091309 0.270182 0.090820 0.105469
1 0.414551 0.287109 0.079102 0.128906
1 0.268066 0.307943 0.073242 0.087240
1 0.878418 0.317057 0.096680 0.110677
1 0.612793 0.330078 0.118164 0.165365
1 0.209473 0.331380 0.100586 0.115885
1 0.344727 0.338542 0.080078 0.125000
1 0.118652 0.348307 0.077148 0.095052
1 0.491211 0.358724 0.162109 0.196615
1 0.957520 0.375651 0.084961 0.160156
1 0.702148 0.389974 0.130859 0.157552
1 0.381348 0.402344 0.086914 0.101562
1 0.887695 0.414062 0.076172 0.114583
1 0.157715 0.434245 0.129883 0.121094
1 0.618164 0.440755 0.093750 0.128906
1 0.770996 0.464844 0.168945 0.182292
1 0.937012 0.479818 0.104492 0.110677
1 0.086914 0.483724 0.068359 0.108073
1 0.315430 0.503255 0.158203 0.162760
1 0.473145 0.514974 0.139648 0.141927
1 0.669434 0.542969 0.116211 0.119792
1 0.579102 0.570964 0.109375 0.128906
1 0.959961 0.576172 0.080078 0.105469
1 0.111816 0.590495 0.092773 0.123698
1 0.354980 0.591797 0.137695 0.134115
1 0.877441 0.617839 0.114258 0.134115
1 0.714844 0.642578 0.263672 0.220052
1 0.436035 0.649089 0.094727 0.108073
1 0.079102 0.672526 0.085938 0.110677
1 0.172852 0.673177 0.093750 0.122396
1 0.319824 0.710286 0.116211 0.113281
1 0.939941 0.726562 0.120117 0.234375
1 0.833496 0.727865 0.110352 0.135417
1 0.656250 0.738932 0.085938 0.128906
1 0.724121 0.750000 0.084961 0.111979
1 0.064941 0.754557 0.067383 0.079427
1 0.611328 0.815104 0.082031 0.187500
1 0.179688 0.817057 0.164062 0.204427
1 0.904297 0.825521 0.115234 0.109375
1 0.077148 0.083333 0.095703 0.130208
1 0.360352 0.835938 0.091797 0.117188
1 0.282715 0.835938 0.086914 0.091146
1 0.729980 0.839844 0.155273 0.125000
1 0.516602 0.845703 0.080078 0.082031
1 0.850586 0.857422 0.068359 0.076823
1 0.441406 0.897786 0.140625 0.102865
1 0.553223 0.091146 0.094727 0.111979
1 0.746582 0.911458 0.073242 0.075521
9 0.104004 0.917969 0.168945 0.164062
1 0.277344 0.921875 0.140625 0.101562
1 0.550781 0.923177 0.072266 0.075521
1 0.859375 0.925781 0.087891 0.085938
1 0.678711 0.936849 0.082031 0.079427
1 0.385742 0.964844 0.087891 0.070312
1 0.483887 0.966146 0.100586 0.067708
1 0.780762 0.967448 0.102539 0.065104
1 0.618164 0.975260 0.083984 0.049479
1 0.311523 0.979818 0.099609 0.040365
1 0.467285 0.106771 0.116211 0.104167
1 0.291992 0.110677 0.093750 0.101562
1 0.957031 0.117839 0.085938 0.126302
1 0.786133 0.073568 0.076172 0.141927
1 0.878906 0.048177 0.125000 0.096354
1 0.703613 0.039062 0.084961 0.078125
1 0.620117 0.065755 0.076172 0.110677
1 0.372559 0.037760 0.127930 0.075521
1 0.163574 0.060547 0.077148 0.084635
