1 0.559570 0.202474 0.126953 0.165365
2 0.442383 0.424479 0.087891 0.174479
2 0.291016 0.458333 0.193359 0.151042
2 0.541504 0.465495 0.125977 0.204427
2 0.451172 0.575521 0.146484 0.145833
2 0.210938 0.644531 0.193359 0.151042
2 0.642578 0.647786 0.136719 0.165365
2 0.838867 0.600260 0.130859 0.203125
9 0.941406 0.283854 0.117188 0.158854
2 0.092285 0.907552 0.143555 0.171875
9 0.916504 0.097656 0.145508 0.195312
1 0.696777 0.039714 0.155273 0.079427
9 0.637695 0.807943 0.205078 0.160156
2 0.048340 0.115885 0.096680 0.151042
9 0.146484 0.072266 0.197266 0.144531
