0 0.263672 0.258464 0.134766 0.128906
0 0.445801 0.285807 0.100586 0.128906
0 0.251953 0.369141 0.117188 0.128906
0 0.539062 0.373047 0.080078 0.131510
0 0.916504 0.379557 0.131836 0.196615
0 0.466309 0.396484 0.079102 0.089844
0 0.688965 0.402995 0.112305 0.131510
0 0.199707 0.473307 0.104492 0.134115
0 0.699707 0.524740 0.133789 0.106771
0 0.572754 0.583984 0.112305 0.149740
0 0.762695 0.599609 0.105469 0.131510
0 0.900879 0.617839 0.149414 0.131510
0 0.854492 0.802734 0.113281 0.115885
0 0.621582 0.809245 0.131836 0.160156
0 0.956055 0.819661 0.087891 0.147135
0 0.196777 0.859375 0.116211 0.125000
0 0.728027 0.940104 0.139648 0.119792
0 0.062500 0.205729 0.107422 0.151042
0 0.515625 0.050130 0.107422 0.100260
9 0.835938 0.721354 0.316406 0.091146
