1 0.640137 0.135417 0.124023 0.104167
1 0.938477 0.203125 0.123047 0.098958
1 0.651855 0.210286 0.112305 0.097656
1 0.340332 0.233724 0.122070 0.092448
1 0.144531 0.273438 0.158203 0.101562
1 0.402832 0.296875 0.116211 0.127604
1 0.519043 0.299479 0.116211 0.130208
1 0.584473 0.336589 0.092773 0.118490
1 0.664062 0.345703 0.082031 0.131510
1 0.150879 0.351562 0.127930 0.093750
1 0.832520 0.393229 0.202148 0.101562
1 0.408203 0.420573 0.111328 0.166667
1 0.085449 0.427083 0.120117 0.091146
1 0.546875 0.450521 0.119141 0.101562
1 0.317871 0.464844 0.108398 0.085938
1 0.216797 0.475911 0.115234 0.084635
1 0.609375 0.537109 0.169922 0.113281
1 0.853516 0.568359 0.115234 0.110677
1 0.054199 0.585286 0.104492 0.113281
1 0.469727 0.586589 0.130859 0.105469
1 0.421387 0.635417 0.077148 0.101562
1 0.351562 0.639974 0.093750 0.170573
1 0.547363 0.649740 0.112305 0.098958
1 0.953613 0.673177 0.092773 0.200521
1 0.863281 0.688151 0.095703 0.178385
1 0.767578 0.709635 0.119141 0.143229
1 0.343750 0.765625 0.134766 0.096354
1 0.564941 0.778646 0.112305 0.130208
1 0.295898 0.862630 0.113281 0.144531
1 0.640625 0.869141 0.109375 0.095052
1 0.195801 0.875651 0.108398 0.170573
1 0.393066 0.091797 0.098633 0.105469
1 0.403809 0.945312 0.137695 0.104167
1 0.946289 0.956380 0.097656 0.087240
1 0.599609 0.101562 0.095703 0.101562
1 0.717773 0.037109 0.142578 0.074219
1 0.488281 0.063802 0.099609 0.127604
1 0.176758 0.754557 0.078125 0.149740
1 0.060547 0.685547 0.121094 0.079427
1 0.844727 0.139974 0.125000 0.139323
9 0.871582 0.067057 0.088867 0.102865
1 0.968750 0.062500 0.062500 0.125000
9 0.429688 0.195312 0.091797 0.109375
1 0.709961 0.550781 0.126953 0.127604
1 0.104004 0.505208 0.088867 0.104167
1 0.043457 0.349609 0.086914 0.089844
1 0.791504 0.271484 0.159180 0.149740
9 0.071289 0.862630 0.142578 0.256510
1 0.981445 0.467448 0.037109 0.135417
9 0.154785 0.611328 0.102539 0.126302
1 0.254395 0.571615 0.102539 0.135417
1 0.269043 0.694010 0.120117 0.153646
1 0.491211 0.742839 0.091797 0.082031
