0 0.877441 0.165365 0.088867 0.130208
0 0.849609 0.327474 0.087891 0.102865
0 0.180176 0.386719 0.100586 0.119792
0 0.349609 0.411458 0.066406 0.119792
0 0.756836 0.423177 0.070312 0.098958
0 0.930176 0.470703 0.100586 0.147135
0 0.777832 0.480469 0.112305 0.106771
0 0.858398 0.619792 0.097656 0.140625
0 0.290039 0.662109 0.113281 0.167969
0 0.404785 0.720052 0.088867 0.148438
0 0.146973 0.745443 0.104492 0.136719
0 0.700195 0.746745 0.080078 0.115885
0 0.552246 0.785156 0.118164 0.190104
1 0.838867 0.835938 0.123047 0.101562
0 0.123047 0.881510 0.107422 0.114583
0 0.304199 0.885417 0.112305 0.119792
0 0.652344 0.899740 0.111328 0.138021
0 0.232910 0.947917 0.092773 0.104167
0 0.512695 0.613932 0.103516 0.115885
0 0.661621 0.541667 0.098633 0.151042
0 0.050781 0.641927 0.101562 0.119792
0 0.061523 0.345703 0.123047 0.149740
0 0.626953 0.393229 0.128906 0.161458
0 0.550781 0.500000 0.132812 0.119792
0 0.460449 0.104818 0.135742 0.149740
0 0.327148 0.272135 0.142578 0.177083
0 0.441406 0.208984 0.146484 0.136719
0 0.585449 0.134115 0.118164 0.127604
0 0.668457 0.174479 0.120117 0.177083
0 0.590332 0.227865 0.073242 0.109375
0 0.736328 0.284505 0.121094 0.141927
0 0.764160 0.206380 0.124023 0.102865
0 0.818359 0.078125 0.125000 0.122396
0 0.139160 0.100260 0.100586 0.132812
0 0.180664 0.194661 0.123047 0.136719
0 0.262207 0.095703 0.125977 0.147135
0 0.113770 0.457682 0.122070 0.149740
0 0.097168 0.553385 0.100586 0.119792
0 0.179199 0.591146 0.110352 0.151042
9 0.066895 0.818359 0.133789 0.180990
9 0.039551 0.945312 0.079102 0.109375
9 0.764160 0.584635 0.104492 0.098958
9 0.805664 0.697266 0.171875 0.113281
0 0.950195 0.238281 0.076172 0.127604
0 0.952637 0.073568 0.090820 0.147135
0 0.787598 0.041016 0.163086 0.082031
0 0.037598 0.126302 0.075195 0.252604
9 0.447754 0.503906 0.118164 0.138021
0 0.459961 0.380859 0.142578 0.128906
