1 0.179199 0.170573 0.106445 0.143229
0 0.863770 0.207682 0.178711 0.110677
0 0.596191 0.242839 0.120117 0.082031
0 0.305176 0.268880 0.129883 0.108073
0 0.812012 0.322266 0.131836 0.121094
0 0.277344 0.354818 0.121094 0.100260
1 0.575195 0.425130 0.142578 0.162760
0 0.354492 0.434245 0.150391 0.092448
0 0.740723 0.466797 0.131836 0.165365
0 0.879883 0.485677 0.103516 0.156250
0 0.954590 0.507812 0.090820 0.177083
0 0.198242 0.548828 0.121094 0.173177
9 0.847656 0.617839 0.097656 0.121094
0 0.146973 0.694010 0.133789 0.145833
0 0.358887 0.695964 0.129883 0.152344
5 0.478516 0.748698 0.177734 0.205729
5 0.138672 0.936198 0.128906 0.127604
0 0.889160 0.093750 0.137695 0.098958
0 0.717773 0.121094 0.115234 0.164062
9 0.712891 0.263021 0.105469 0.109375
0 0.112305 0.550781 0.082031 0.130208
0 0.056641 0.217448 0.113281 0.130208
0 0.033691 0.373047 0.067383 0.123698
0 0.356934 0.058594 0.124023 0.117188
1 0.043457 0.722656 0.086914 0.119792
0 0.318359 0.579427 0.117188 0.140625
9 0.386230 0.279948 0.086914 0.145833
