2 0.631348 0.191406 0.172852 0.158854
0 0.813965 0.205729 0.135742 0.135417
2 0.361816 0.227865 0.127930 0.138021
0 0.340332 0.347656 0.206055 0.145833
2 0.933594 0.408854 0.095703 0.125000
0 0.576172 0.460938 0.212891 0.177083
0 0.175781 0.486979 0.095703 0.153646
0 0.350098 0.522786 0.125977 0.180990
0 0.085938 0.578125 0.064453 0.161458
5 0.529785 0.640625 0.260742 0.158854
0 0.461426 0.770833 0.106445 0.130208
1 0.495117 0.084635 0.119141 0.164062
0 0.311523 0.867188 0.171875 0.182292
2 0.877930 0.903646 0.152344 0.192708
0 0.533203 0.940104 0.123047 0.119792
2 0.044922 0.472005 0.089844 0.222656
0 0.620605 0.873047 0.151367 0.160156
0 0.806152 0.417318 0.170898 0.183594
6 0.749023 0.630859 0.195312 0.220052
6 0.845703 0.715495 0.132812 0.126302
9 0.163574 0.315755 0.153320 0.235677
0 0.572754 0.311849 0.202148 0.110677
0 0.949219 0.177083 0.101562 0.182292
0 0.730957 0.805990 0.125977 0.130208
0 0.942383 0.596354 0.115234 0.257812
