0 0.591797 0.156901 0.099609 0.118490
0 0.463379 0.271484 0.149414 0.154948
0 0.317383 0.333333 0.117188 0.156250
0 0.935059 0.341797 0.116211 0.165365
0 0.470703 0.400391 0.109375 0.115885
0 0.582031 0.422526 0.109375 0.115885
0 0.147949 0.488932 0.090820 0.149740
0 0.529297 0.049479 0.107422 0.088542
0 0.404297 0.518880 0.109375 0.115885
0 0.244629 0.555990 0.106445 0.117188
0 0.634766 0.613932 0.117188 0.121094
0 0.405762 0.675130 0.118164 0.188802
0 0.264160 0.686849 0.108398 0.105469
0 0.853027 0.759766 0.100586 0.128906
0 0.570801 0.783854 0.157227 0.111979
0 0.305176 0.798828 0.088867 0.105469
0 0.755859 0.881510 0.101562 0.138021
0 0.221680 0.917969 0.146484 0.132812
0 0.554688 0.925781 0.111328 0.138021
0 0.896973 0.123047 0.182617 0.225260
0 0.684570 0.263672 0.097656 0.157552
0 0.733887 0.181641 0.100586 0.110677
0 0.259766 0.459635 0.107422 0.104167
0 0.519531 0.542969 0.082031 0.119792
0 0.581055 0.547526 0.093750 0.123698
1 0.088867 0.878906 0.101562 0.122396
0 0.512207 0.688802 0.102539 0.132812
0 0.390625 0.931641 0.121094 0.100260
0 0.039062 0.472005 0.078125 0.225260
0 0.047363 0.945312 0.088867 0.109375
0 0.911133 0.686849 0.119141 0.113281
0 0.891113 0.967448 0.133789 0.065104
0 0.982910 0.562500 0.034180 0.171875
0 0.784668 0.488281 0.116211 0.088542
0 0.754883 0.569010 0.083984 0.114583
0 0.759277 0.389974 0.124023 0.131510
0 0.120117 0.736979 0.142578 0.143229
9 0.111816 0.294922 0.219727 0.220052
9 0.103516 0.132161 0.162109 0.170573
9 0.787598 0.638021 0.137695 0.138021
9 0.787109 0.776042 0.111328 0.148438
