0 0.675293 0.162760 0.114258 0.145833
0 0.974609 0.177083 0.050781 0.145833
0 0.782715 0.181641 0.102539 0.170573
0 0.572754 0.202474 0.122070 0.152344
0 0.888184 0.210286 0.104492 0.165365
0 0.370117 0.245443 0.130859 0.134115
0 0.803223 0.309245 0.086914 0.154948
0 0.622070 0.340495 0.130859 0.167969
0 0.313965 0.343750 0.106445 0.135417
0 0.729492 0.374349 0.113281 0.126302
0 0.898926 0.386719 0.116211 0.117188
0 0.252441 0.404948 0.114258 0.205729
0 0.599121 0.418620 0.122070 0.141927
0 0.152832 0.436198 0.151367 0.226562
0 0.738281 0.493490 0.152344 0.130208
0 0.405273 0.508464 0.115234 0.144531
0 0.513184 0.509766 0.094727 0.167969
0 0.612305 0.512370 0.097656 0.139323
0 0.722168 0.570312 0.102539 0.125000
0 0.902832 0.578125 0.116211 0.125000
0 0.176758 0.580729 0.128906 0.203125
0 0.302734 0.603516 0.115234 0.144531
0 0.867676 0.679688 0.137695 0.119792
0 0.497070 0.685547 0.232422 0.196615
0 0.081543 0.714844 0.131836 0.132812
0 0.723145 0.757161 0.104492 0.128906
0 0.167969 0.824870 0.158203 0.162760
0 0.504883 0.897786 0.199219 0.162760
