1 0.860840 0.033854 0.088867 0.062500
4 0.328125 0.727865 0.062500 0.080729
1 0.255317 0.040944 0.096572 0.076680
1 0.420249 0.073783 0.084639 0.095482
1 0.642036 0.174479 0.077041 0.130208
1 0.671548 0.057871 0.139971 0.115742
1 0.512480 0.021699 0.103086 0.043398
1 0.930664 0.168984 0.078125 0.111406
1 0.915366 0.069154 0.084639 0.081016
1 0.801543 0.105033 0.151914 0.095482
1 0.820205 0.231771 0.095488 0.130208
1 0.722983 0.216582 0.074873 0.177956
1 0.571724 0.168984 0.057510 0.124427
1 0.622939 0.365020 0.066191 0.151914
1 0.710068 0.367910 0.109590 0.183737
1 0.950957 0.245371 0.097227 0.115742
1 0.820527 0.358359 0.111758 0.122969
1 0.909180 0.374564 0.107422 0.121523
1 0.984702 0.377747 0.029951 0.081016
1 0.610679 0.237559 0.045576 0.089701
1 0.577583 0.039499 0.037979 0.073789
9 0.521484 0.100404 0.097656 0.120078
1 0.385415 0.050638 0.130205 0.101276
1 0.481338 0.176647 0.085723 0.108503
1 0.541777 0.293548 0.083555 0.167826
1 0.440103 0.239583 0.110674 0.130208
1 0.406792 0.326100 0.088975 0.102721
1 0.353623 0.163919 0.148652 0.140339
1 0.151475 0.090710 0.080293 0.121523
1 0.034072 0.243776 0.066191 0.149010
9 0.110352 0.223236 0.087891 0.232930
9 0.025498 0.123411 0.050996 0.085365
1 0.217988 0.172598 0.121523 0.209779
1 0.256294 0.356335 0.077041 0.095482
1 0.288848 0.283711 0.112852 0.127318
1 0.085068 0.465280 0.109590 0.164935
1 0.119683 0.558594 0.088975 0.130208
1 0.205186 0.428099 0.109590 0.189531
1 0.332900 0.392793 0.066191 0.108503
1 0.478950 0.427806 0.067275 0.118633
1 0.407661 0.408132 0.067275 0.102721
1 0.434243 0.519674 0.091143 0.107057
9 0.555449 0.463542 0.112852 0.195312
1 0.541885 0.608359 0.095488 0.096927
1 0.688691 0.518229 0.101992 0.091146
1 0.809028 0.435762 0.086807 0.108503
1 0.973198 0.478587 0.053818 0.118633
1 0.883574 0.509401 0.132383 0.122969
1 0.024307 0.605905 0.046660 0.112852
1 0.085068 0.683451 0.070527 0.114297
1 0.280166 0.593171 0.075957 0.066549
9 0.327476 0.502891 0.113936 0.149010
1 0.357207 0.629486 0.093320 0.102721
1 0.480796 0.687936 0.084639 0.099831
1 0.261284 0.677663 0.069443 0.102721
1 0.405166 0.729310 0.075957 0.107057
9 0.202148 0.565540 0.078125 0.112852
9 0.176973 0.669557 0.101992 0.096927
1 0.152129 0.800495 0.083555 0.150469
1 0.246094 0.789062 0.087891 0.117188
1 0.317168 0.835938 0.093320 0.130208
1 0.131187 0.969329 0.104170 0.061055
9 0.224937 0.942129 0.162764 0.105612
9 0.344727 0.953991 0.087891 0.092878
1 0.434243 0.942708 0.081377 0.114583
1 0.539932 0.848672 0.105254 0.124427
1 0.537002 0.969329 0.105254 0.061055
1 0.604492 0.874134 0.087891 0.125872
1 0.755859 0.914785 0.087891 0.105612
1 0.682402 0.966725 0.064023 0.063659
1 0.707793 0.797598 0.054258 0.144674
1 0.488389 0.808880 0.090059 0.109948
9 0.399629 0.838255 0.082461 0.111406
1 0.583115 0.714121 0.109590 0.115742
1 0.690322 0.678242 0.085723 0.101276
9 0.631836 0.614727 0.068359 0.107057
9 0.751738 0.553822 0.142148 0.125872
1 0.791885 0.636139 0.105254 0.105612
1 0.985137 0.598815 0.028867 0.101276
1 0.894966 0.670286 0.106338 0.189531
9 0.785264 0.774303 0.099824 0.160586
9 0.958550 0.727142 0.083115 0.128763
9 0.975371 0.869792 0.048398 0.091146
9 0.972329 0.970339 0.055986 0.044844
9 0.851997 0.923177 0.116104 0.153646
1 0.888999 0.824941 0.074873 0.079570
