1 0.785156 0.148438 0.095703 0.145833
0 0.535156 0.218099 0.140625 0.269531
0 0.660156 0.225260 0.095703 0.273438
1 0.851562 0.261719 0.111328 0.125000
0 0.434082 0.324219 0.137695 0.218750
0 0.171387 0.494141 0.174805 0.222656
0 0.478027 0.602214 0.112305 0.123698
0 0.642090 0.622396 0.102539 0.125000
0 0.155273 0.711589 0.179688 0.154948
0 0.570801 0.772135 0.135742 0.143229
0 0.380859 0.785156 0.097656 0.153646
0 0.454590 0.899089 0.094727 0.131510
0 0.332520 0.934245 0.135742 0.128906
1 0.220215 0.938802 0.102539 0.122396
9 0.888184 0.925781 0.100586 0.148438
9 0.734375 0.932292 0.160156 0.135417
