0 0.662598 0.167969 0.120117 0.174479
0 0.812500 0.242188 0.119141 0.135417
0 0.108887 0.263021 0.153320 0.158854
0 0.961914 0.302083 0.076172 0.158854
5 0.294922 0.276693 0.189453 0.199219
0 0.850586 0.374349 0.136719 0.147135
8 0.682129 0.040365 0.083008 0.065104
0 0.582031 0.404297 0.132812 0.123698
0 0.102051 0.425130 0.118164 0.141927
0 0.741211 0.503255 0.115234 0.139323
0 0.397949 0.508464 0.104492 0.123698
0 0.971680 0.518880 0.056641 0.095052
0 0.208984 0.539714 0.130859 0.139323
0 0.494141 0.546224 0.072266 0.144531
0 0.595703 0.582682 0.128906 0.222656
0 0.934082 0.621094 0.129883 0.125000
0 0.406738 0.640625 0.090820 0.135417
0 0.287598 0.679036 0.131836 0.134115
0 0.746094 0.682943 0.111328 0.180990
0 0.550781 0.746745 0.070312 0.123698
0 0.883301 0.762370 0.178711 0.113281
0 0.459961 0.781250 0.117188 0.135417
0 0.142578 0.873047 0.115234 0.191406
0 0.326172 0.876302 0.130859 0.239583
0 0.560059 0.953125 0.141602 0.093750
0 0.185547 0.097005 0.095703 0.136719
9 0.192383 0.411458 0.128906 0.104167
9 0.514648 0.298828 0.125000 0.162760
9 0.590820 0.830729 0.089844 0.132812
9 0.102051 0.646484 0.088867 0.217448
