1 0.086914 0.230469 0.101562 0.143229
1 0.934082 0.302083 0.131836 0.140625
1 0.227051 0.337240 0.120117 0.138021
1 0.651855 0.354167 0.118164 0.140625
1 0.295410 0.384115 0.083008 0.161458
1 0.947266 0.446615 0.105469 0.135417
1 0.243164 0.486979 0.132812 0.130208
1 0.506348 0.506510 0.092773 0.174479
1 0.435059 0.537109 0.075195 0.170573
1 0.316406 0.588542 0.136719 0.140625
1 0.168457 0.634115 0.124023 0.143229
1 0.462402 0.708333 0.086914 0.156250
1 0.276367 0.734375 0.128906 0.119792
1 0.183105 0.774740 0.106445 0.153646
1 0.604492 0.816406 0.111328 0.195312
1 0.410645 0.821615 0.088867 0.138021
1 0.514648 0.846354 0.105469 0.166667
1 0.313965 0.859375 0.106445 0.156250
1 0.389648 0.097656 0.080078 0.148438
1 0.573242 0.098307 0.080078 0.089844
1 0.125488 0.105469 0.108398 0.164062
1 0.322754 0.109375 0.081055 0.145833
1 0.474609 0.125000 0.134766 0.184896
